1000 0.137931 0.317734 0.497537 -0.364532 0.456626
2000 0.135266 0.318841 0.502415 -0.362319 0.318617
3000 0.133971 0.318182 0.502392 -0.363636 0.359543
4000 0.138889 0.321759 0.504630 -0.356481 0.335112
5000 0.146789 0.327982 0.509174 -0.344037 0.368254
6000 0.146119 0.328767 0.511416 -0.342466 0.425278
7000 0.145455 0.327273 0.509091 -0.345455 0.464589
8000 0.147982 0.331839 0.515695 -0.336323 0.439264
9000 0.150442 0.334071 0.517699 -0.331858 0.447123
10000 0.147826 0.330435 0.513043 -0.339130 0.353237
11000 0.145923 0.328326 0.510730 -0.343348 0.402822
12000 0.144068 0.326271 0.508475 -0.347458 0.465088
13000 0.145833 0.329167 0.512500 -0.341667 0.465937
14000 0.144033 0.327160 0.510288 -0.345679 0.394431
15000 0.142276 0.323171 0.504065 -0.353659 0.420724
16000 0.141700 0.321862 0.502024 -0.356275 0.384675
17000 0.146825 0.323413 0.500000 -0.353175 0.368335
18000 0.145098 0.323529 0.501961 -0.352941 0.347196
19000 0.148438 0.326172 0.503906 -0.347656 0.425358
20000 0.152091 0.326996 0.501901 -0.346008 0.405035
21000 0.149813 0.323970 0.498127 -0.352060 0.364788
22000 0.149254 0.324627 0.500000 -0.350746 0.474903
23000 0.151852 0.327778 0.503704 -0.344444 0.353479
24000 0.153846 0.331502 0.509158 -0.336996 0.454507
25000 0.153285 0.330292 0.507299 -0.339416 0.372561
26000 0.152174 0.329710 0.507246 -0.340580 0.394629
27000 0.153025 0.330961 0.508897 -0.338078 0.428918
28000 0.153025 0.330961 0.508897 -0.338078 0.378592
29000 0.149826 0.331010 0.512195 -0.337979 0.301149
30000 0.148276 0.332759 0.517241 -0.334483 0.394576
31000 0.146758 0.331058 0.515358 -0.337884 0.494273
32000 0.146259 0.329932 0.513605 -0.340136 0.420122
33000 0.148148 0.329966 0.511785 -0.340067 0.432377
34000 0.150502 0.332776 0.515050 -0.334448 0.428522
35000 0.151316 0.332237 0.513158 -0.335526 0.423287
36000 0.153595 0.334967 0.516340 -0.330065 0.453547
37000 0.153846 0.336538 0.519231 -0.326923 0.320090
38000 0.155556 0.338095 0.520635 -0.323810 0.344728
39000 0.157729 0.339117 0.520505 -0.321767 0.359131
40000 0.158385 0.340062 0.521739 -0.319876 0.447482
41000 0.157407 0.337963 0.518519 -0.324074 0.345589
42000 0.156442 0.335890 0.515337 -0.328221 0.257886
43000 0.155488 0.333841 0.512195 -0.332317 0.368563
44000 0.153614 0.331325 0.509036 -0.337349 0.304267
45000 0.152695 0.330838 0.508982 -0.338323 0.434351
46000 0.154303 0.332344 0.510386 -0.335312 0.318632
47000 0.155882 0.332353 0.508824 -0.335294 0.283146
48000 0.157434 0.335277 0.513120 -0.329446 0.354795
49000 0.156522 0.336232 0.515942 -0.327536 0.374485
50000 0.157143 0.337143 0.517143 -0.325714 0.430245
51000 0.155807 0.335694 0.515581 -0.328612 0.238243
52000 0.156863 0.334734 0.512605 -0.330532 0.314825
53000 0.156425 0.335196 0.513966 -0.329609 0.337874
54000 0.154270 0.334711 0.515152 -0.330579 0.294968
55000 0.154270 0.334711 0.515152 -0.330579 0.379273
56000 0.156164 0.335616 0.515068 -0.328767 0.316725
57000 0.156757 0.336486 0.516216 -0.327027 0.371634
58000 0.155080 0.334225 0.513369 -0.331551 0.366535
59000 0.154255 0.335106 0.515957 -0.329787 0.391199
60000 0.153034 0.333773 0.514512 -0.332454 0.329449
61000 0.154047 0.336815 0.519582 -0.326371 0.367753
62000 0.153247 0.335065 0.516883 -0.329870 0.303061
63000 0.152455 0.333333 0.514212 -0.333333 0.247115
64000 0.154242 0.334190 0.514139 -0.331620 0.410363
65000 0.153061 0.331633 0.510204 -0.336735 0.391684
66000 0.154040 0.332071 0.510101 -0.335859 0.421652
67000 0.153266 0.330402 0.507538 -0.339196 0.321501
68000 0.152500 0.328750 0.505000 -0.342500 0.356887
69000 0.152500 0.330000 0.507500 -0.340000 0.358654
70000 0.155000 0.332500 0.510000 -0.335000 0.341669
71000 0.157500 0.337500 0.517500 -0.325000 0.300619
72000 0.157500 0.337500 0.517500 -0.325000 0.339249
73000 0.157500 0.337500 0.517500 -0.325000 0.341621
74000 0.157500 0.333750 0.510000 -0.332500 0.371409
75000 0.157500 0.332500 0.507500 -0.335000 0.346914
76000 0.160000 0.336250 0.512500 -0.327500 0.318897
77000 0.157500 0.333750 0.510000 -0.332500 0.403248
78000 0.155000 0.333750 0.512500 -0.332500 0.300681
79000 0.152500 0.333750 0.515000 -0.332500 0.399571
80000 0.152500 0.333750 0.515000 -0.332500 0.335170
81000 0.152500 0.332500 0.512500 -0.335000 0.387816
82000 0.157500 0.336250 0.515000 -0.327500 0.365692
83000 0.157500 0.337500 0.517500 -0.325000 0.406514
84000 0.157500 0.337500 0.517500 -0.325000 0.371063
85000 0.160000 0.337500 0.515000 -0.325000 0.330212
86000 0.160000 0.337500 0.515000 -0.325000 0.303652
87000 0.160000 0.337500 0.515000 -0.325000 0.330371
88000 0.165000 0.340000 0.515000 -0.320000 0.332900
89000 0.165000 0.338750 0.512500 -0.322500 0.231720
90000 0.165000 0.338750 0.512500 -0.322500 0.387304
91000 0.165000 0.337500 0.510000 -0.325000 0.367187
92000 0.167500 0.338750 0.510000 -0.322500 0.278494
93000 0.170000 0.343750 0.517500 -0.312500 0.338385
94000 0.170000 0.343750 0.517500 -0.312500 0.330110
95000 0.172500 0.342500 0.512500 -0.315000 0.307729
96000 0.175000 0.343750 0.512500 -0.312500 0.352095
97000 0.177500 0.346250 0.515000 -0.307500 0.305670
98000 0.177500 0.346250 0.515000 -0.307500 0.242471
99000 0.177500 0.346250 0.515000 -0.307500 0.365656
100000 0.180000 0.347500 0.515000 -0.305000 0.272213
101000 0.180000 0.347500 0.515000 -0.305000 0.325016
102000 0.185000 0.352500 0.520000 -0.295000 0.267265
103000 0.187500 0.356250 0.525000 -0.287500 0.376784
104000 0.185000 0.355000 0.525000 -0.290000 0.279700
105000 0.187500 0.357500 0.527500 -0.285000 0.284768
106000 0.187500 0.357500 0.527500 -0.285000 0.433135
107000 0.187500 0.356250 0.525000 -0.287500 0.364615
108000 0.195000 0.362500 0.530000 -0.275000 0.362331
109000 0.197500 0.362500 0.527500 -0.275000 0.361669
110000 0.197500 0.362500 0.527500 -0.275000 0.301806
111000 0.195000 0.358750 0.522500 -0.282500 0.348651
112000 0.197500 0.361250 0.525000 -0.277500 0.364877
113000 0.195000 0.360000 0.525000 -0.280000 0.314711
114000 0.197500 0.363750 0.530000 -0.272500 0.370547
115000 0.197500 0.365000 0.532500 -0.270000 0.331786
116000 0.197500 0.365000 0.532500 -0.270000 0.405031
117000 0.197500 0.366250 0.535000 -0.267500 0.236048
118000 0.197500 0.365000 0.532500 -0.270000 0.423879
119000 0.197500 0.366250 0.535000 -0.267500 0.409491
120000 0.200000 0.371250 0.542500 -0.257500 0.248779
121000 0.200000 0.371250 0.542500 -0.257500 0.278822
122000 0.192500 0.368750 0.545000 -0.262500 0.292018
123000 0.195000 0.371250 0.547500 -0.257500 0.387192
124000 0.195000 0.371250 0.547500 -0.257500 0.364928
125000 0.195000 0.371250 0.547500 -0.257500 0.268870
126000 0.195000 0.370000 0.545000 -0.260000 0.272658
127000 0.195000 0.372500 0.550000 -0.255000 0.349756
128000 0.195000 0.372500 0.550000 -0.255000 0.308487
129000 0.197500 0.377500 0.557500 -0.245000 0.362812
130000 0.200000 0.378750 0.557500 -0.242500 0.291433
131000 0.200000 0.377500 0.555000 -0.245000 0.300391
132000 0.202500 0.377500 0.552500 -0.245000 0.346060
133000 0.202500 0.378750 0.555000 -0.242500 0.312601
134000 0.200000 0.376250 0.552500 -0.247500 0.240210
135000 0.202500 0.380000 0.557500 -0.240000 0.312355
136000 0.205000 0.381250 0.557500 -0.237500 0.312485
137000 0.202500 0.378750 0.555000 -0.242500 0.285753
138000 0.205000 0.378750 0.552500 -0.242500 0.289957
139000 0.205000 0.380000 0.555000 -0.240000 0.300751
140000 0.202500 0.378750 0.555000 -0.242500 0.313420
141000 0.202500 0.380000 0.557500 -0.240000 0.357296
142000 0.202500 0.380000 0.557500 -0.240000 0.298321
143000 0.197500 0.376250 0.555000 -0.247500 0.300868
144000 0.197500 0.376250 0.555000 -0.247500 0.312249
145000 0.195000 0.373750 0.552500 -0.252500 0.296803
146000 0.200000 0.378750 0.557500 -0.242500 0.279515
147000 0.200000 0.378750 0.557500 -0.242500 0.252175
148000 0.200000 0.378750 0.557500 -0.242500 0.326920
149000 0.202500 0.380000 0.557500 -0.240000 0.377828
150000 0.202500 0.380000 0.557500 -0.240000 0.242933
151000 0.202500 0.380000 0.557500 -0.240000 0.348777
152000 0.200000 0.378750 0.557500 -0.242500 0.313391
153000 0.205000 0.383750 0.562500 -0.232500 0.309593
154000 0.205000 0.385000 0.565000 -0.230000 0.305078
155000 0.202500 0.385000 0.567500 -0.230000 0.302561
156000 0.200000 0.381250 0.562500 -0.237500 0.346853
157000 0.195000 0.380000 0.565000 -0.240000 0.171877
158000 0.197500 0.382500 0.567500 -0.235000 0.388539
159000 0.195000 0.380000 0.565000 -0.240000 0.294313
160000 0.197500 0.382500 0.567500 -0.235000 0.145110
161000 0.197500 0.382500 0.567500 -0.235000 0.298884
162000 0.195000 0.380000 0.565000 -0.240000 0.254937
163000 0.192500 0.378750 0.565000 -0.242500 0.243592
164000 0.192500 0.378750 0.565000 -0.242500 0.243978
165000 0.192500 0.376250 0.560000 -0.247500 0.266614
166000 0.192500 0.377500 0.562500 -0.245000 0.170074
167000 0.197500 0.378750 0.560000 -0.242500 0.323903
168000 0.200000 0.380000 0.560000 -0.240000 0.248678
169000 0.200000 0.380000 0.560000 -0.240000 0.220194
170000 0.202500 0.382500 0.562500 -0.235000 0.281474
171000 0.202500 0.385000 0.567500 -0.230000 0.275066
172000 0.200000 0.382500 0.565000 -0.235000 0.199180
173000 0.200000 0.382500 0.565000 -0.235000 0.187009
174000 0.197500 0.380000 0.562500 -0.240000 0.325719
175000 0.197500 0.377500 0.557500 -0.245000 0.209816
176000 0.200000 0.378750 0.557500 -0.242500 0.250703
177000 0.200000 0.378750 0.557500 -0.242500 0.281287
178000 0.200000 0.378750 0.557500 -0.242500 0.242533
179000 0.200000 0.380000 0.560000 -0.240000 0.328575
180000 0.197500 0.378750 0.560000 -0.242500 0.314206
181000 0.197500 0.380000 0.562500 -0.240000 0.217550
182000 0.202500 0.385000 0.567500 -0.230000 0.300493
183000 0.202500 0.385000 0.567500 -0.230000 0.230397
184000 0.202500 0.385000 0.567500 -0.230000 0.252386
185000 0.200000 0.381250 0.562500 -0.237500 0.198788
186000 0.197500 0.382500 0.567500 -0.235000 0.249936
187000 0.197500 0.382500 0.567500 -0.235000 0.171535
188000 0.200000 0.382500 0.565000 -0.235000 0.313331
189000 0.202500 0.383750 0.565000 -0.232500 0.195798
190000 0.200000 0.383750 0.567500 -0.232500 0.203081
191000 0.200000 0.385000 0.570000 -0.230000 0.241855
192000 0.202500 0.385000 0.567500 -0.230000 0.241908
193000 0.205000 0.387500 0.570000 -0.225000 0.273216
194000 0.205000 0.387500 0.570000 -0.225000 0.284735
195000 0.205000 0.387500 0.570000 -0.225000 0.253847
196000 0.207500 0.388750 0.570000 -0.222500 0.301607
197000 0.205000 0.386250 0.567500 -0.227500 0.265463
198000 0.205000 0.387500 0.570000 -0.225000 0.215814
199000 0.207500 0.388750 0.570000 -0.222500 0.229009
200000 0.207500 0.391250 0.575000 -0.217500 0.270897
201000 0.207500 0.390000 0.572500 -0.220000 0.195822
202000 0.207500 0.392500 0.577500 -0.215000 0.284484
203000 0.212500 0.398750 0.585000 -0.202500 0.314142
204000 0.215000 0.401250 0.587500 -0.197500 0.233904
205000 0.215000 0.401250 0.587500 -0.197500 0.288190
206000 0.217500 0.403750 0.590000 -0.192500 0.264423
207000 0.220000 0.408750 0.597500 -0.182500 0.258175
208000 0.227500 0.416250 0.605000 -0.167500 0.287893
209000 0.225000 0.415000 0.605000 -0.170000 0.228793
210000 0.225000 0.415000 0.605000 -0.170000 0.275892
211000 0.225000 0.415000 0.605000 -0.170000 0.281697
212000 0.225000 0.416250 0.607500 -0.167500 0.271618
213000 0.227500 0.420000 0.612500 -0.160000 0.305371
214000 0.227500 0.420000 0.612500 -0.160000 0.310317
215000 0.227500 0.420000 0.612500 -0.160000 0.302138
216000 0.225000 0.416250 0.607500 -0.167500 0.215524
217000 0.230000 0.420000 0.610000 -0.160000 0.245233
218000 0.230000 0.420000 0.610000 -0.160000 0.296771
219000 0.230000 0.421250 0.612500 -0.157500 0.189944
220000 0.235000 0.426250 0.617500 -0.147500 0.281691
221000 0.235000 0.427500 0.620000 -0.145000 0.293955
222000 0.232500 0.427500 0.622500 -0.145000 0.249957
223000 0.235000 0.430000 0.625000 -0.140000 0.231899
224000 0.235000 0.431250 0.627500 -0.137500 0.296409
225000 0.235000 0.430000 0.625000 -0.140000 0.282617
226000 0.235000 0.431250 0.627500 -0.137500 0.323455
227000 0.237500 0.433750 0.630000 -0.132500 0.338854
228000 0.232500 0.431250 0.630000 -0.137500 0.136386
229000 0.235000 0.433750 0.632500 -0.132500 0.245727
230000 0.235000 0.433750 0.632500 -0.132500 0.297233
231000 0.230000 0.431250 0.632500 -0.137500 0.236180
232000 0.232500 0.435000 0.637500 -0.130000 0.248016
233000 0.230000 0.431250 0.632500 -0.137500 0.263070
234000 0.230000 0.430000 0.630000 -0.140000 0.210484
235000 0.230000 0.431250 0.632500 -0.137500 0.206207
236000 0.230000 0.432500 0.635000 -0.135000 0.178673
237000 0.230000 0.432500 0.635000 -0.135000 0.212309
238000 0.230000 0.432500 0.635000 -0.135000 0.273410
239000 0.227500 0.431250 0.635000 -0.137500 0.233221
240000 0.227500 0.432500 0.637500 -0.135000 0.237560
241000 0.225000 0.432500 0.640000 -0.135000 0.240966
242000 0.225000 0.433750 0.642500 -0.132500 0.201284
243000 0.222500 0.433750 0.645000 -0.132500 0.293310
244000 0.222500 0.432500 0.642500 -0.135000 0.218892
245000 0.222500 0.432500 0.642500 -0.135000 0.219827
246000 0.222500 0.432500 0.642500 -0.135000 0.279633
247000 0.222500 0.433750 0.645000 -0.132500 0.253266
248000 0.225000 0.436250 0.647500 -0.127500 0.223784
249000 0.220000 0.431250 0.642500 -0.137500 0.207150
250000 0.220000 0.431250 0.642500 -0.137500 0.284898
251000 0.217500 0.430000 0.642500 -0.140000 0.250806
252000 0.220000 0.433750 0.647500 -0.132500 0.202360
253000 0.220000 0.435000 0.650000 -0.130000 0.300265
254000 0.225000 0.440000 0.655000 -0.120000 0.237270
255000 0.230000 0.445000 0.660000 -0.110000 0.217442
256000 0.230000 0.445000 0.660000 -0.110000 0.146300
257000 0.225000 0.442500 0.660000 -0.115000 0.275693
258000 0.230000 0.446250 0.662500 -0.107500 0.153154
259000 0.230000 0.447500 0.665000 -0.105000 0.255417
260000 0.230000 0.447500 0.665000 -0.105000 0.189745
261000 0.230000 0.446250 0.662500 -0.107500 0.199103
262000 0.230000 0.446250 0.662500 -0.107500 0.218716
263000 0.230000 0.447500 0.665000 -0.105000 0.209231
264000 0.232500 0.447500 0.662500 -0.105000 0.158751
265000 0.230000 0.445000 0.660000 -0.110000 0.126596
266000 0.230000 0.448750 0.667500 -0.102500 0.240768
267000 0.230000 0.450000 0.670000 -0.100000 0.161732
268000 0.230000 0.448750 0.667500 -0.102500 0.194216
269000 0.230000 0.448750 0.667500 -0.102500 0.201976
270000 0.232500 0.450000 0.667500 -0.100000 0.189542
271000 0.232500 0.448750 0.665000 -0.102500 0.224005
272000 0.232500 0.448750 0.665000 -0.102500 0.194113
273000 0.227500 0.448750 0.670000 -0.102500 0.182102
274000 0.227500 0.447500 0.667500 -0.105000 0.277368
275000 0.227500 0.448750 0.670000 -0.102500 0.245463
276000 0.227500 0.450000 0.672500 -0.100000 0.259429
277000 0.227500 0.448750 0.670000 -0.102500 0.167831
278000 0.227500 0.448750 0.670000 -0.102500 0.151039
279000 0.230000 0.451250 0.672500 -0.097500 0.245987
280000 0.227500 0.448750 0.670000 -0.102500 0.243780
281000 0.227500 0.448750 0.670000 -0.102500 0.253998
282000 0.227500 0.450000 0.672500 -0.100000 0.214529
283000 0.225000 0.447500 0.670000 -0.105000 0.259973
284000 0.225000 0.448750 0.672500 -0.102500 0.303306
285000 0.225000 0.450000 0.675000 -0.100000 0.224587
286000 0.222500 0.446250 0.670000 -0.107500 0.184037
287000 0.225000 0.448750 0.672500 -0.102500 0.197894
288000 0.227500 0.452500 0.677500 -0.095000 0.233231
289000 0.230000 0.453750 0.677500 -0.092500 0.185053
290000 0.227500 0.453750 0.680000 -0.092500 0.116101
291000 0.230000 0.458750 0.687500 -0.082500 0.270545
292000 0.227500 0.457500 0.687500 -0.085000 0.262381
293000 0.227500 0.457500 0.687500 -0.085000 0.281178
294000 0.230000 0.461250 0.692500 -0.077500 0.229917
295000 0.232500 0.463750 0.695000 -0.072500 0.256630
296000 0.232500 0.465000 0.697500 -0.070000 0.160616
297000 0.227500 0.463750 0.700000 -0.072500 0.207436
298000 0.232500 0.468750 0.705000 -0.062500 0.209752
299000 0.232500 0.470000 0.707500 -0.060000 0.235917
300000 0.232500 0.467500 0.702500 -0.065000 0.193248
301000 0.232500 0.468750 0.705000 -0.062500 0.252075
302000 0.235000 0.471250 0.707500 -0.057500 0.302086
303000 0.235000 0.471250 0.707500 -0.057500 0.274941
304000 0.235000 0.472500 0.710000 -0.055000 0.189277
305000 0.235000 0.473750 0.712500 -0.052500 0.231770
306000 0.235000 0.473750 0.712500 -0.052500 0.268726
307000 0.237500 0.476250 0.715000 -0.047500 0.242103
308000 0.237500 0.480000 0.722500 -0.040000 0.246717
309000 0.235000 0.477500 0.720000 -0.045000 0.230326
310000 0.237500 0.480000 0.722500 -0.040000 0.230761
311000 0.237500 0.480000 0.722500 -0.040000 0.241756
312000 0.232500 0.477500 0.722500 -0.045000 0.268209
313000 0.235000 0.480000 0.725000 -0.040000 0.137933
314000 0.232500 0.477500 0.722500 -0.045000 0.237332
315000 0.227500 0.475000 0.722500 -0.050000 0.200363
316000 0.227500 0.475000 0.722500 -0.050000 0.231211
317000 0.227500 0.473750 0.720000 -0.052500 0.286155
318000 0.227500 0.475000 0.722500 -0.050000 0.210300
319000 0.227500 0.476250 0.725000 -0.047500 0.227094
320000 0.230000 0.480000 0.730000 -0.040000 0.192551
321000 0.230000 0.480000 0.730000 -0.040000 0.191044
322000 0.230000 0.478750 0.727500 -0.042500 0.216931
323000 0.227500 0.478750 0.730000 -0.042500 0.243358
324000 0.230000 0.481250 0.732500 -0.037500 0.148450
325000 0.230000 0.481250 0.732500 -0.037500 0.211541
326000 0.232500 0.483750 0.735000 -0.032500 0.265429
327000 0.230000 0.481250 0.732500 -0.037500 0.263937
328000 0.227500 0.481250 0.735000 -0.037500 0.161878
329000 0.227500 0.482500 0.737500 -0.035000 0.206992
330000 0.227500 0.482500 0.737500 -0.035000 0.259357
331000 0.227500 0.482500 0.737500 -0.035000 0.202210
332000 0.227500 0.483750 0.740000 -0.032500 0.261582
333000 0.225000 0.482500 0.740000 -0.035000 0.145938
334000 0.227500 0.483750 0.740000 -0.032500 0.190529
335000 0.225000 0.480000 0.735000 -0.040000 0.254370
336000 0.227500 0.481250 0.735000 -0.037500 0.237373
337000 0.227500 0.480000 0.732500 -0.040000 0.220747
338000 0.225000 0.478750 0.732500 -0.042500 0.118359
339000 0.225000 0.480000 0.735000 -0.040000 0.179764
340000 0.225000 0.482500 0.740000 -0.035000 0.242995
341000 0.220000 0.478750 0.737500 -0.042500 0.218865
342000 0.220000 0.480000 0.740000 -0.040000 0.152458
343000 0.220000 0.481250 0.742500 -0.037500 0.187057
344000 0.222500 0.483750 0.745000 -0.032500 0.201689
345000 0.222500 0.483750 0.745000 -0.032500 0.167323
346000 0.225000 0.485000 0.745000 -0.030000 0.169384
347000 0.225000 0.486250 0.747500 -0.027500 0.157244
348000 0.225000 0.486250 0.747500 -0.027500 0.211799
349000 0.225000 0.486250 0.747500 -0.027500 0.184108
350000 0.222500 0.485000 0.747500 -0.030000 0.125611
351000 0.222500 0.486250 0.750000 -0.027500 0.102297
352000 0.220000 0.485000 0.750000 -0.030000 0.170159
353000 0.217500 0.482500 0.747500 -0.035000 0.232344
354000 0.215000 0.481250 0.747500 -0.037500 0.155183
355000 0.210000 0.476250 0.742500 -0.047500 0.168188
356000 0.210000 0.476250 0.742500 -0.047500 0.141231
357000 0.207500 0.473750 0.740000 -0.052500 0.127910
358000 0.207500 0.473750 0.740000 -0.052500 0.217841
359000 0.207500 0.473750 0.740000 -0.052500 0.180789
360000 0.210000 0.475000 0.740000 -0.050000 0.210248
361000 0.210000 0.476250 0.742500 -0.047500 0.233281
362000 0.207500 0.475000 0.742500 -0.050000 0.225212
363000 0.205000 0.475000 0.745000 -0.050000 0.120431
364000 0.205000 0.477500 0.750000 -0.045000 0.168244
365000 0.202500 0.477500 0.752500 -0.045000 0.125870
366000 0.202500 0.477500 0.752500 -0.045000 0.158887
367000 0.207500 0.481250 0.755000 -0.037500 0.165918
368000 0.205000 0.478750 0.752500 -0.042500 0.115330
369000 0.207500 0.480000 0.752500 -0.040000 0.200942
370000 0.207500 0.477500 0.747500 -0.045000 0.206072
371000 0.205000 0.475000 0.745000 -0.050000 0.157882
372000 0.207500 0.477500 0.747500 -0.045000 0.182196
373000 0.205000 0.476250 0.747500 -0.047500 0.200784
374000 0.202500 0.475000 0.747500 -0.050000 0.170307
375000 0.205000 0.477500 0.750000 -0.045000 0.135168
376000 0.205000 0.477500 0.750000 -0.045000 0.227679
377000 0.205000 0.476250 0.747500 -0.047500 0.147643
378000 0.202500 0.473750 0.745000 -0.052500 0.187401
379000 0.202500 0.476250 0.750000 -0.047500 0.207087
380000 0.200000 0.475000 0.750000 -0.050000 0.194095
381000 0.202500 0.477500 0.752500 -0.045000 0.168182
382000 0.202500 0.477500 0.752500 -0.045000 0.187825
383000 0.205000 0.481250 0.757500 -0.037500 0.240494
384000 0.205000 0.480000 0.755000 -0.040000 0.134045
385000 0.200000 0.476250 0.752500 -0.047500 0.229636
386000 0.197500 0.476250 0.755000 -0.047500 0.208007
387000 0.195000 0.476250 0.757500 -0.047500 0.161284
388000 0.192500 0.475000 0.757500 -0.050000 0.189514
389000 0.192500 0.473750 0.755000 -0.052500 0.167126
390000 0.195000 0.475000 0.755000 -0.050000 0.137479
391000 0.192500 0.473750 0.755000 -0.052500 0.112990
392000 0.192500 0.475000 0.757500 -0.050000 0.161299
393000 0.195000 0.476250 0.757500 -0.047500 0.248966
394000 0.195000 0.476250 0.757500 -0.047500 0.129482
395000 0.195000 0.477500 0.760000 -0.045000 0.186460
396000 0.192500 0.475000 0.757500 -0.050000 0.165986
397000 0.192500 0.475000 0.757500 -0.050000 0.180568
398000 0.190000 0.475000 0.760000 -0.050000 0.194312
399000 0.195000 0.480000 0.765000 -0.040000 0.146986
400000 0.195000 0.482500 0.770000 -0.035000 0.228347
401000 0.195000 0.482500 0.770000 -0.035000 0.182556
402000 0.192500 0.483750 0.775000 -0.032500 0.210239
403000 0.192500 0.483750 0.775000 -0.032500 0.164998
404000 0.192500 0.483750 0.775000 -0.032500 0.145775
405000 0.187500 0.480000 0.772500 -0.040000 0.208900
406000 0.187500 0.478750 0.770000 -0.042500 0.170101
407000 0.182500 0.476250 0.770000 -0.047500 0.161087
408000 0.185000 0.476250 0.767500 -0.047500 0.133549
409000 0.187500 0.478750 0.770000 -0.042500 0.160262
410000 0.185000 0.477500 0.770000 -0.045000 0.200072
411000 0.187500 0.478750 0.770000 -0.042500 0.191090
412000 0.187500 0.481250 0.775000 -0.037500 0.117742
413000 0.187500 0.481250 0.775000 -0.037500 0.142230
414000 0.187500 0.481250 0.775000 -0.037500 0.147839
415000 0.190000 0.480000 0.770000 -0.040000 0.166512
416000 0.190000 0.481250 0.772500 -0.037500 0.121506
417000 0.190000 0.482500 0.775000 -0.035000 0.141051
418000 0.192500 0.483750 0.775000 -0.032500 0.120964
419000 0.195000 0.485000 0.775000 -0.030000 0.166132
420000 0.192500 0.485000 0.777500 -0.030000 0.139359
421000 0.197500 0.488750 0.780000 -0.022500 0.105475
422000 0.200000 0.491250 0.782500 -0.017500 0.198191
423000 0.200000 0.491250 0.782500 -0.017500 0.165764
424000 0.207500 0.496250 0.785000 -0.007500 0.138412
425000 0.205000 0.492500 0.780000 -0.015000 0.181505
426000 0.205000 0.492500 0.780000 -0.015000 0.154517
427000 0.207500 0.495000 0.782500 -0.010000 0.173493
428000 0.207500 0.496250 0.785000 -0.007500 0.216119
429000 0.205000 0.495000 0.785000 -0.010000 0.092567
430000 0.207500 0.497500 0.787500 -0.005000 0.206366
431000 0.207500 0.498750 0.790000 -0.002500 0.219072
432000 0.212500 0.502500 0.792500 0.005000 0.158142
433000 0.212500 0.502500 0.792500 0.005000 0.181069
434000 0.217500 0.508750 0.800000 0.017500 0.186280
435000 0.220000 0.511250 0.802500 0.022500 0.174431
436000 0.220000 0.512500 0.805000 0.025000 0.204319
437000 0.222500 0.513750 0.805000 0.027500 0.183428
438000 0.220000 0.512500 0.805000 0.025000 0.190990
439000 0.217500 0.510000 0.802500 0.020000 0.215627
440000 0.217500 0.510000 0.802500 0.020000 0.243078
441000 0.220000 0.511250 0.802500 0.022500 0.178570
442000 0.222500 0.513750 0.805000 0.027500 0.179525
443000 0.220000 0.512500 0.805000 0.025000 0.201153
444000 0.217500 0.511250 0.805000 0.022500 0.198221
445000 0.217500 0.511250 0.805000 0.022500 0.219370
446000 0.217500 0.511250 0.805000 0.022500 0.213104
447000 0.217500 0.511250 0.805000 0.022500 0.226919
448000 0.217500 0.511250 0.805000 0.022500 0.234982
449000 0.215000 0.510000 0.805000 0.020000 0.179573
450000 0.215000 0.508750 0.802500 0.017500 0.178674
451000 0.217500 0.511250 0.805000 0.022500 0.178898
452000 0.217500 0.511250 0.805000 0.022500 0.191282
453000 0.217500 0.512500 0.807500 0.025000 0.221560
454000 0.212500 0.510000 0.807500 0.020000 0.129836
455000 0.215000 0.511250 0.807500 0.022500 0.228170
456000 0.215000 0.511250 0.807500 0.022500 0.202614
457000 0.215000 0.511250 0.807500 0.022500 0.182687
458000 0.217500 0.512500 0.807500 0.025000 0.168890
459000 0.217500 0.511250 0.805000 0.022500 0.118906
460000 0.220000 0.515000 0.810000 0.030000 0.188138
461000 0.220000 0.515000 0.810000 0.030000 0.145996
462000 0.220000 0.515000 0.810000 0.030000 0.141320
463000 0.217500 0.516250 0.815000 0.032500 0.135866
464000 0.220000 0.517500 0.815000 0.035000 0.189295
465000 0.220000 0.517500 0.815000 0.035000 0.152076
466000 0.220000 0.517500 0.815000 0.035000 0.160939
467000 0.220000 0.518750 0.817500 0.037500 0.164979
468000 0.220000 0.518750 0.817500 0.037500 0.131827
469000 0.217500 0.516250 0.815000 0.032500 0.117682
470000 0.217500 0.517500 0.817500 0.035000 0.136313
471000 0.217500 0.516250 0.815000 0.032500 0.165739
472000 0.212500 0.515000 0.817500 0.030000 0.190432
473000 0.212500 0.515000 0.817500 0.030000 0.174678
474000 0.212500 0.515000 0.817500 0.030000 0.173025
475000 0.212500 0.516250 0.820000 0.032500 0.149467
476000 0.212500 0.517500 0.822500 0.035000 0.190130
477000 0.212500 0.517500 0.822500 0.035000 0.185572
478000 0.212500 0.518750 0.825000 0.037500 0.185866
479000 0.212500 0.521250 0.830000 0.042500 0.203151
480000 0.215000 0.521250 0.827500 0.042500 0.133445
481000 0.215000 0.523750 0.832500 0.047500 0.189719
482000 0.215000 0.523750 0.832500 0.047500 0.087239
483000 0.220000 0.525000 0.830000 0.050000 0.171524
484000 0.222500 0.527500 0.832500 0.055000 0.117914
485000 0.220000 0.526250 0.832500 0.052500 0.154940
486000 0.220000 0.528750 0.837500 0.057500 0.148735
487000 0.220000 0.528750 0.837500 0.057500 0.105275
488000 0.222500 0.530000 0.837500 0.060000 0.141163
489000 0.222500 0.530000 0.837500 0.060000 0.135382
490000 0.220000 0.531250 0.842500 0.062500 0.140502
491000 0.217500 0.528750 0.840000 0.057500 0.116958
492000 0.217500 0.528750 0.840000 0.057500 0.137741
493000 0.222500 0.533750 0.845000 0.067500 0.148962
494000 0.227500 0.537500 0.847500 0.075000 0.154251
495000 0.227500 0.536250 0.845000 0.072500 0.206081
496000 0.230000 0.537500 0.845000 0.075000 0.139872
497000 0.227500 0.536250 0.845000 0.072500 0.131062
498000 0.227500 0.536250 0.845000 0.072500 0.177315
499000 0.227500 0.536250 0.845000 0.072500 0.181523
500000 0.227500 0.535000 0.842500 0.070000 0.098391
501000 0.230000 0.537500 0.845000 0.075000 0.143495
502000 0.232500 0.538750 0.845000 0.077500 0.237451
503000 0.230000 0.537500 0.845000 0.075000 0.117821
504000 0.230000 0.540000 0.850000 0.080000 0.108641
505000 0.227500 0.538750 0.850000 0.077500 0.163515
506000 0.227500 0.538750 0.850000 0.077500 0.113063
507000 0.232500 0.542500 0.852500 0.085000 0.156886
508000 0.232500 0.543750 0.855000 0.087500 0.197666
509000 0.232500 0.543750 0.855000 0.087500 0.123215
510000 0.237500 0.548750 0.860000 0.097500 0.157611
511000 0.240000 0.550000 0.860000 0.100000 0.156850
512000 0.242500 0.552500 0.862500 0.105000 0.124479
513000 0.250000 0.557500 0.865000 0.115000 0.201548
514000 0.250000 0.557500 0.865000 0.115000 0.158180
515000 0.255000 0.560000 0.865000 0.120000 0.197793
516000 0.255000 0.560000 0.865000 0.120000 0.176628
517000 0.255000 0.560000 0.865000 0.120000 0.170287
518000 0.255000 0.560000 0.865000 0.120000 0.077114
519000 0.250000 0.556250 0.862500 0.112500 0.188925
520000 0.247500 0.556250 0.865000 0.112500 0.215386
521000 0.247500 0.556250 0.865000 0.112500 0.136340
522000 0.245000 0.556250 0.867500 0.112500 0.140042
523000 0.245000 0.557500 0.870000 0.115000 0.169180
524000 0.245000 0.557500 0.870000 0.115000 0.225117
525000 0.247500 0.560000 0.872500 0.120000 0.201355
526000 0.247500 0.560000 0.872500 0.120000 0.121126
527000 0.245000 0.557500 0.870000 0.115000 0.131995
528000 0.237500 0.552500 0.867500 0.105000 0.186721
529000 0.237500 0.552500 0.867500 0.105000 0.170746
530000 0.240000 0.556250 0.872500 0.112500 0.176841
531000 0.240000 0.556250 0.872500 0.112500 0.193009
532000 0.242500 0.557500 0.872500 0.115000 0.142053
533000 0.242500 0.557500 0.872500 0.115000 0.182928
534000 0.242500 0.557500 0.872500 0.115000 0.185819
535000 0.242500 0.558750 0.875000 0.117500 0.216327
536000 0.250000 0.563750 0.877500 0.127500 0.150437
537000 0.250000 0.565000 0.880000 0.130000 0.166608
538000 0.252500 0.566250 0.880000 0.132500 0.166380
539000 0.252500 0.566250 0.880000 0.132500 0.219042
540000 0.262500 0.575000 0.887500 0.150000 0.194814
541000 0.262500 0.573750 0.885000 0.147500 0.169506
542000 0.262500 0.572500 0.882500 0.145000 0.205119
543000 0.265000 0.573750 0.882500 0.147500 0.176768
544000 0.265000 0.575000 0.885000 0.150000 0.163345
545000 0.265000 0.575000 0.885000 0.150000 0.162516
546000 0.265000 0.575000 0.885000 0.150000 0.226366
547000 0.262500 0.573750 0.885000 0.147500 0.180579
548000 0.257500 0.571250 0.885000 0.142500 0.113337
549000 0.257500 0.571250 0.885000 0.142500 0.200218
550000 0.260000 0.571250 0.882500 0.142500 0.177239
551000 0.262500 0.572500 0.882500 0.145000 0.184420
552000 0.262500 0.573750 0.885000 0.147500 0.174819
553000 0.262500 0.575000 0.887500 0.150000 0.168981
554000 0.262500 0.573750 0.885000 0.147500 0.097593
555000 0.265000 0.575000 0.885000 0.150000 0.176913
556000 0.265000 0.576250 0.887500 0.152500 0.140356
557000 0.265000 0.576250 0.887500 0.152500 0.170358
558000 0.262500 0.575000 0.887500 0.150000 0.206503
559000 0.267500 0.577500 0.887500 0.155000 0.215778
560000 0.267500 0.578750 0.890000 0.157500 0.163003
561000 0.267500 0.580000 0.892500 0.160000 0.197966
562000 0.265000 0.578750 0.892500 0.157500 0.189305
563000 0.262500 0.577500 0.892500 0.155000 0.193230
564000 0.267500 0.580000 0.892500 0.160000 0.190362
565000 0.267500 0.580000 0.892500 0.160000 0.203163
566000 0.272500 0.581250 0.890000 0.162500 0.149061
567000 0.272500 0.581250 0.890000 0.162500 0.176892
568000 0.267500 0.578750 0.890000 0.157500 0.160179
569000 0.267500 0.578750 0.890000 0.157500 0.143621
570000 0.262500 0.578750 0.895000 0.157500 0.191088
571000 0.265000 0.580000 0.895000 0.160000 0.224202
572000 0.262500 0.578750 0.895000 0.157500 0.162847
573000 0.265000 0.581250 0.897500 0.162500 0.209706
574000 0.267500 0.582500 0.897500 0.165000 0.177866
575000 0.265000 0.580000 0.895000 0.160000 0.215395
576000 0.270000 0.582500 0.895000 0.165000 0.193186
577000 0.272500 0.583750 0.895000 0.167500 0.094955
578000 0.272500 0.582500 0.892500 0.165000 0.183677
579000 0.270000 0.581250 0.892500 0.162500 0.168719
580000 0.270000 0.581250 0.892500 0.162500 0.139123
581000 0.272500 0.582500 0.892500 0.165000 0.178420
582000 0.270000 0.580000 0.890000 0.160000 0.143118
583000 0.270000 0.581250 0.892500 0.162500 0.129823
584000 0.262500 0.576250 0.890000 0.152500 0.183845
585000 0.267500 0.578750 0.890000 0.157500 0.160229
586000 0.270000 0.578750 0.887500 0.157500 0.154307
587000 0.275000 0.580000 0.885000 0.160000 0.198258
588000 0.277500 0.581250 0.885000 0.162500 0.203226
589000 0.280000 0.582500 0.885000 0.165000 0.176687
590000 0.282500 0.582500 0.882500 0.165000 0.246988
591000 0.285000 0.585000 0.885000 0.170000 0.106359
592000 0.282500 0.585000 0.887500 0.170000 0.167120
593000 0.282500 0.586250 0.890000 0.172500 0.131240
594000 0.285000 0.587500 0.890000 0.175000 0.193698
595000 0.287500 0.590000 0.892500 0.180000 0.173729
596000 0.287500 0.588750 0.890000 0.177500 0.140842
597000 0.287500 0.588750 0.890000 0.177500 0.198828
598000 0.287500 0.588750 0.890000 0.177500 0.186314
599000 0.290000 0.591250 0.892500 0.182500 0.177659
600000 0.285000 0.588750 0.892500 0.177500 0.157157
601000 0.287500 0.588750 0.890000 0.177500 0.159047
602000 0.292500 0.591250 0.890000 0.182500 0.132265
603000 0.292500 0.591250 0.890000 0.182500 0.140181
604000 0.295000 0.593750 0.892500 0.187500 0.179226
605000 0.295000 0.593750 0.892500 0.187500 0.208893
606000 0.300000 0.598750 0.897500 0.197500 0.186595
607000 0.302500 0.601250 0.900000 0.202500 0.192988
608000 0.305000 0.602500 0.900000 0.205000 0.172148
609000 0.305000 0.602500 0.900000 0.205000 0.166903
610000 0.305000 0.602500 0.900000 0.205000 0.208758
611000 0.307500 0.603750 0.900000 0.207500 0.195450
612000 0.310000 0.605000 0.900000 0.210000 0.160791
613000 0.310000 0.605000 0.900000 0.210000 0.184640
614000 0.312500 0.605000 0.897500 0.210000 0.201645
615000 0.317500 0.607500 0.897500 0.215000 0.176894
616000 0.317500 0.610000 0.902500 0.220000 0.215533
617000 0.320000 0.612500 0.905000 0.225000 0.172370
618000 0.320000 0.612500 0.905000 0.225000 0.179953
619000 0.320000 0.612500 0.905000 0.225000 0.155358
620000 0.322500 0.615000 0.907500 0.230000 0.071385
621000 0.327500 0.618750 0.910000 0.237500 0.135616
622000 0.330000 0.618750 0.907500 0.237500 0.172273
623000 0.332500 0.618750 0.905000 0.237500 0.184723
624000 0.337500 0.622500 0.907500 0.245000 0.174063
625000 0.335000 0.621250 0.907500 0.242500 0.160131
626000 0.335000 0.621250 0.907500 0.242500 0.213106
627000 0.335000 0.621250 0.907500 0.242500 0.201804
628000 0.332500 0.621250 0.910000 0.242500 0.229135
629000 0.332500 0.621250 0.910000 0.242500 0.211801
630000 0.332500 0.622500 0.912500 0.245000 0.138359
631000 0.335000 0.625000 0.915000 0.250000 0.198328
632000 0.340000 0.628750 0.917500 0.257500 0.267629
633000 0.345000 0.631250 0.917500 0.262500 0.160477
634000 0.345000 0.630000 0.915000 0.260000 0.178634
635000 0.350000 0.632500 0.915000 0.265000 0.253703
636000 0.347500 0.631250 0.915000 0.262500 0.231577
637000 0.350000 0.632500 0.915000 0.265000 0.242083
638000 0.352500 0.633750 0.915000 0.267500 0.172329
639000 0.352500 0.633750 0.915000 0.267500 0.284441
640000 0.347500 0.631250 0.915000 0.262500 0.229542
641000 0.350000 0.632500 0.915000 0.265000 0.202612
642000 0.350000 0.631250 0.912500 0.262500 0.195769
643000 0.347500 0.630000 0.912500 0.260000 0.191248
644000 0.350000 0.632500 0.915000 0.265000 0.190799
645000 0.350000 0.633750 0.917500 0.267500 0.221350
646000 0.352500 0.635000 0.917500 0.270000 0.170736
647000 0.357500 0.637500 0.917500 0.275000 0.182419
648000 0.362500 0.640000 0.917500 0.280000 0.194092
649000 0.362500 0.640000 0.917500 0.280000 0.246546
650000 0.365000 0.640000 0.915000 0.280000 0.228088
651000 0.365000 0.640000 0.915000 0.280000 0.192627
652000 0.362500 0.640000 0.917500 0.280000 0.220725
653000 0.362500 0.640000 0.917500 0.280000 0.169585
654000 0.365000 0.641250 0.917500 0.282500 0.200718
655000 0.365000 0.642500 0.920000 0.285000 0.129793
656000 0.362500 0.642500 0.922500 0.285000 0.171037
657000 0.362500 0.641250 0.920000 0.282500 0.184245
658000 0.362500 0.640000 0.917500 0.280000 0.184102
659000 0.365000 0.641250 0.917500 0.282500 0.190307
660000 0.370000 0.643750 0.917500 0.287500 0.153236
661000 0.367500 0.642500 0.917500 0.285000 0.157479
662000 0.372500 0.645000 0.917500 0.290000 0.153122
663000 0.375000 0.645000 0.915000 0.290000 0.284124
664000 0.372500 0.642500 0.912500 0.285000 0.132028
665000 0.370000 0.641250 0.912500 0.282500 0.252170
666000 0.370000 0.641250 0.912500 0.282500 0.183721
667000 0.370000 0.642500 0.915000 0.285000 0.236396
668000 0.367500 0.643750 0.920000 0.287500 0.223718
669000 0.370000 0.645000 0.920000 0.290000 0.219198
670000 0.377500 0.650000 0.922500 0.300000 0.174789
671000 0.380000 0.651250 0.922500 0.302500 0.152100
672000 0.380000 0.651250 0.922500 0.302500 0.191257
673000 0.382500 0.652500 0.922500 0.305000 0.202529
674000 0.385000 0.655000 0.925000 0.310000 0.226430
675000 0.382500 0.653750 0.925000 0.307500 0.155245
676000 0.385000 0.655000 0.925000 0.310000 0.206386
677000 0.382500 0.652500 0.922500 0.305000 0.134994
678000 0.385000 0.655000 0.925000 0.310000 0.194089
679000 0.387500 0.656250 0.925000 0.312500 0.196888
680000 0.385000 0.655000 0.925000 0.310000 0.258848
681000 0.387500 0.656250 0.925000 0.312500 0.170585
682000 0.385000 0.652500 0.920000 0.305000 0.143687
683000 0.387500 0.652500 0.917500 0.305000 0.168644
684000 0.387500 0.653750 0.920000 0.307500 0.215569
685000 0.390000 0.655000 0.920000 0.310000 0.186976
686000 0.390000 0.655000 0.920000 0.310000 0.200986
687000 0.390000 0.655000 0.920000 0.310000 0.151972
688000 0.390000 0.656250 0.922500 0.312500 0.187502
689000 0.387500 0.653750 0.920000 0.307500 0.210491
690000 0.385000 0.652500 0.920000 0.305000 0.238718
691000 0.385000 0.652500 0.920000 0.305000 0.157682
692000 0.387500 0.653750 0.920000 0.307500 0.191761
693000 0.385000 0.652500 0.920000 0.305000 0.156434
694000 0.392500 0.657500 0.922500 0.315000 0.219308
695000 0.392500 0.657500 0.922500 0.315000 0.131261
696000 0.395000 0.658750 0.922500 0.317500 0.172593
697000 0.400000 0.662500 0.925000 0.325000 0.264619
698000 0.397500 0.661250 0.925000 0.322500 0.155963
699000 0.400000 0.662500 0.925000 0.325000 0.221719
700000 0.400000 0.662500 0.925000 0.325000 0.122226
701000 0.405000 0.666250 0.927500 0.332500 0.202524
702000 0.402500 0.665000 0.927500 0.330000 0.167229
703000 0.402500 0.666250 0.930000 0.332500 0.219039
704000 0.407500 0.667500 0.927500 0.335000 0.214266
705000 0.407500 0.667500 0.927500 0.335000 0.204422
706000 0.410000 0.670000 0.930000 0.340000 0.221552
707000 0.410000 0.671250 0.932500 0.342500 0.252246
708000 0.412500 0.672500 0.932500 0.345000 0.190242
709000 0.410000 0.672500 0.935000 0.345000 0.199654
710000 0.407500 0.671250 0.935000 0.342500 0.216190
711000 0.405000 0.668750 0.932500 0.337500 0.195710
712000 0.410000 0.671250 0.932500 0.342500 0.200507
713000 0.410000 0.670000 0.930000 0.340000 0.200091
714000 0.415000 0.672500 0.930000 0.345000 0.211050
715000 0.415000 0.672500 0.930000 0.345000 0.195749
716000 0.415000 0.672500 0.930000 0.345000 0.228073
717000 0.417500 0.675000 0.932500 0.350000 0.189431
718000 0.417500 0.675000 0.932500 0.350000 0.158421
719000 0.425000 0.678750 0.932500 0.357500 0.203483
720000 0.425000 0.678750 0.932500 0.357500 0.187263
721000 0.420000 0.676250 0.932500 0.352500 0.208216
722000 0.427500 0.680000 0.932500 0.360000 0.253004
723000 0.432500 0.682500 0.932500 0.365000 0.223369
724000 0.437500 0.685000 0.932500 0.370000 0.166534
725000 0.440000 0.687500 0.935000 0.375000 0.272952
726000 0.450000 0.695000 0.940000 0.390000 0.201699
727000 0.455000 0.696250 0.937500 0.392500 0.208862
728000 0.455000 0.695000 0.935000 0.390000 0.224666
729000 0.455000 0.695000 0.935000 0.390000 0.251428
730000 0.457500 0.696250 0.935000 0.392500 0.245854
731000 0.460000 0.698750 0.937500 0.397500 0.263722
732000 0.460000 0.698750 0.937500 0.397500 0.196172
733000 0.462500 0.700000 0.937500 0.400000 0.245898
734000 0.460000 0.698750 0.937500 0.397500 0.170687
735000 0.460000 0.698750 0.937500 0.397500 0.224629
736000 0.462500 0.700000 0.937500 0.400000 0.259434
737000 0.467500 0.705000 0.942500 0.410000 0.239496
738000 0.467500 0.705000 0.942500 0.410000 0.247640
739000 0.472500 0.707500 0.942500 0.415000 0.232961
740000 0.477500 0.710000 0.942500 0.420000 0.192849
741000 0.477500 0.710000 0.942500 0.420000 0.249200
742000 0.487500 0.715000 0.942500 0.430000 0.242729
743000 0.487500 0.715000 0.942500 0.430000 0.250878
744000 0.480000 0.711250 0.942500 0.422500 0.263353
745000 0.482500 0.712500 0.942500 0.425000 0.228328
746000 0.482500 0.712500 0.942500 0.425000 0.279018
747000 0.487500 0.715000 0.942500 0.430000 0.261768
748000 0.490000 0.717500 0.945000 0.435000 0.224954
749000 0.490000 0.717500 0.945000 0.435000 0.180578
750000 0.492500 0.718750 0.945000 0.437500 0.312256
751000 0.487500 0.716250 0.945000 0.432500 0.316033
752000 0.487500 0.716250 0.945000 0.432500 0.211884
753000 0.487500 0.716250 0.945000 0.432500 0.253485
754000 0.495000 0.721250 0.947500 0.442500 0.254538
755000 0.497500 0.722500 0.947500 0.445000 0.241157
756000 0.497500 0.722500 0.947500 0.445000 0.246494
757000 0.497500 0.722500 0.947500 0.445000 0.245139
758000 0.492500 0.721250 0.950000 0.442500 0.326485
759000 0.492500 0.721250 0.950000 0.442500 0.250190
760000 0.495000 0.722500 0.950000 0.445000 0.236775
761000 0.497500 0.725000 0.952500 0.450000 0.230636
762000 0.502500 0.727500 0.952500 0.455000 0.253516
763000 0.502500 0.727500 0.952500 0.455000 0.278440
764000 0.507500 0.730000 0.952500 0.460000 0.255181
765000 0.512500 0.732500 0.952500 0.465000 0.226491
766000 0.520000 0.736250 0.952500 0.472500 0.266367
767000 0.520000 0.736250 0.952500 0.472500 0.196899
768000 0.517500 0.735000 0.952500 0.470000 0.221850
769000 0.522500 0.737500 0.952500 0.475000 0.232380
770000 0.517500 0.736250 0.955000 0.472500 0.281222
771000 0.525000 0.741250 0.957500 0.482500 0.317314
772000 0.527500 0.742500 0.957500 0.485000 0.229424
773000 0.527500 0.742500 0.957500 0.485000 0.209496
774000 0.530000 0.743750 0.957500 0.487500 0.224543
775000 0.535000 0.746250 0.957500 0.492500 0.269779
776000 0.530000 0.742500 0.955000 0.485000 0.243058
777000 0.525000 0.740000 0.955000 0.480000 0.254028
778000 0.527500 0.740000 0.952500 0.480000 0.198657
779000 0.532500 0.742500 0.952500 0.485000 0.277530
780000 0.540000 0.747500 0.955000 0.495000 0.272491
781000 0.542500 0.748750 0.955000 0.497500 0.211425
782000 0.545000 0.750000 0.955000 0.500000 0.210207
783000 0.547500 0.751250 0.955000 0.502500 0.232210
784000 0.545000 0.750000 0.955000 0.500000 0.259197
785000 0.550000 0.752500 0.955000 0.505000 0.237183
786000 0.550000 0.753750 0.957500 0.507500 0.237568
787000 0.552500 0.756250 0.960000 0.512500 0.282952
788000 0.557500 0.758750 0.960000 0.517500 0.312751
789000 0.562500 0.761250 0.960000 0.522500 0.232867
790000 0.567500 0.763750 0.960000 0.527500 0.240626
791000 0.572500 0.767500 0.962500 0.535000 0.238425
792000 0.577500 0.770000 0.962500 0.540000 0.217694
793000 0.577500 0.770000 0.962500 0.540000 0.303702
794000 0.587500 0.775000 0.962500 0.550000 0.271694
795000 0.590000 0.776250 0.962500 0.552500 0.245570
796000 0.587500 0.775000 0.962500 0.550000 0.235797
797000 0.585000 0.773750 0.962500 0.547500 0.288233
798000 0.582500 0.772500 0.962500 0.545000 0.245657
799000 0.582500 0.772500 0.962500 0.545000 0.250410
800000 0.582500 0.772500 0.962500 0.545000 0.307135
801000 0.595000 0.778750 0.962500 0.557500 0.328707
802000 0.592500 0.777500 0.962500 0.555000 0.339636
803000 0.602500 0.783750 0.965000 0.567500 0.323026
804000 0.597500 0.781250 0.965000 0.562500 0.288211
805000 0.602500 0.783750 0.965000 0.567500 0.357193
806000 0.605000 0.782500 0.960000 0.565000 0.300382
807000 0.612500 0.787500 0.962500 0.575000 0.249883
808000 0.617500 0.791250 0.965000 0.582500 0.372502
809000 0.617500 0.791250 0.965000 0.582500 0.340986
810000 0.620000 0.793750 0.967500 0.587500 0.257474
811000 0.620000 0.793750 0.967500 0.587500 0.320335
812000 0.620000 0.795000 0.970000 0.590000 0.267566
813000 0.622500 0.796250 0.970000 0.592500 0.352506
814000 0.622500 0.796250 0.970000 0.592500 0.350774
815000 0.627500 0.800000 0.972500 0.600000 0.277565
816000 0.627500 0.800000 0.972500 0.600000 0.299034
817000 0.627500 0.798750 0.970000 0.597500 0.299545
818000 0.627500 0.798750 0.970000 0.597500 0.343158
819000 0.620000 0.793750 0.967500 0.587500 0.291041
820000 0.625000 0.797500 0.970000 0.595000 0.350927
821000 0.630000 0.801250 0.972500 0.602500 0.345653
822000 0.632500 0.802500 0.972500 0.605000 0.369604
823000 0.630000 0.800000 0.970000 0.600000 0.297264
824000 0.635000 0.802500 0.970000 0.605000 0.266606
825000 0.637500 0.803750 0.970000 0.607500 0.300078
826000 0.635000 0.803750 0.972500 0.607500 0.333816
827000 0.640000 0.806250 0.972500 0.612500 0.307453
828000 0.637500 0.805000 0.972500 0.610000 0.375592
829000 0.640000 0.806250 0.972500 0.612500 0.330804
830000 0.640000 0.806250 0.972500 0.612500 0.309501
831000 0.637500 0.805000 0.972500 0.610000 0.293655
832000 0.635000 0.803750 0.972500 0.607500 0.308532
833000 0.637500 0.805000 0.972500 0.610000 0.345859
834000 0.645000 0.808750 0.972500 0.617500 0.306238
835000 0.650000 0.811250 0.972500 0.622500 0.326031
836000 0.647500 0.810000 0.972500 0.620000 0.330241
837000 0.645000 0.808750 0.972500 0.617500 0.316265
838000 0.650000 0.811250 0.972500 0.622500 0.247539
839000 0.652500 0.812500 0.972500 0.625000 0.338924
840000 0.662500 0.817500 0.972500 0.635000 0.361105
841000 0.665000 0.818750 0.972500 0.637500 0.377913
842000 0.667500 0.820000 0.972500 0.640000 0.303148
843000 0.667500 0.820000 0.972500 0.640000 0.306824
844000 0.670000 0.821250 0.972500 0.642500 0.339009
845000 0.670000 0.821250 0.972500 0.642500 0.313990
846000 0.670000 0.821250 0.972500 0.642500 0.304004
847000 0.672500 0.822500 0.972500 0.645000 0.301962
848000 0.675000 0.823750 0.972500 0.647500 0.343047
849000 0.685000 0.828750 0.972500 0.657500 0.349978
850000 0.682500 0.827500 0.972500 0.655000 0.330736
851000 0.682500 0.827500 0.972500 0.655000 0.361069
852000 0.687500 0.831250 0.975000 0.662500 0.349650
853000 0.695000 0.836250 0.977500 0.672500 0.294164
854000 0.695000 0.836250 0.977500 0.672500 0.394606
855000 0.697500 0.837500 0.977500 0.675000 0.306112
856000 0.697500 0.837500 0.977500 0.675000 0.332663
857000 0.697500 0.837500 0.977500 0.675000 0.354109
858000 0.702500 0.838750 0.975000 0.677500 0.425701
859000 0.707500 0.841250 0.975000 0.682500 0.392061
860000 0.715000 0.846250 0.977500 0.692500 0.306772
861000 0.717500 0.847500 0.977500 0.695000 0.395471
862000 0.720000 0.850000 0.980000 0.700000 0.392665
863000 0.720000 0.850000 0.980000 0.700000 0.279501
864000 0.715000 0.847500 0.980000 0.695000 0.349647
865000 0.722500 0.852500 0.982500 0.705000 0.301591
866000 0.725000 0.853750 0.982500 0.707500 0.326424
867000 0.727500 0.855000 0.982500 0.710000 0.364062
868000 0.735000 0.860000 0.985000 0.720000 0.312256
869000 0.732500 0.858750 0.985000 0.717500 0.340901
870000 0.737500 0.861250 0.985000 0.722500 0.440562
871000 0.735000 0.860000 0.985000 0.720000 0.408323
872000 0.735000 0.860000 0.985000 0.720000 0.398209
873000 0.735000 0.860000 0.985000 0.720000 0.346791
874000 0.735000 0.860000 0.985000 0.720000 0.351487
875000 0.742500 0.863750 0.985000 0.727500 0.334424
876000 0.740000 0.862500 0.985000 0.725000 0.381481
877000 0.735000 0.860000 0.985000 0.720000 0.392943
878000 0.732500 0.858750 0.985000 0.717500 0.322732
879000 0.735000 0.860000 0.985000 0.720000 0.350401
880000 0.740000 0.862500 0.985000 0.725000 0.293281
881000 0.735000 0.858750 0.982500 0.717500 0.351564
882000 0.735000 0.858750 0.982500 0.717500 0.244655
883000 0.737500 0.860000 0.982500 0.720000 0.323453
884000 0.737500 0.860000 0.982500 0.720000 0.326390
885000 0.735000 0.858750 0.982500 0.717500 0.298023
886000 0.740000 0.860000 0.980000 0.720000 0.342765
887000 0.742500 0.862500 0.982500 0.725000 0.354119
888000 0.742500 0.863750 0.985000 0.727500 0.370773
889000 0.745000 0.865000 0.985000 0.730000 0.339528
890000 0.747500 0.866250 0.985000 0.732500 0.340700
891000 0.752500 0.868750 0.985000 0.737500 0.372859
892000 0.757500 0.871250 0.985000 0.742500 0.365618
893000 0.757500 0.871250 0.985000 0.742500 0.358226
894000 0.762500 0.873750 0.985000 0.747500 0.369222
895000 0.770000 0.877500 0.985000 0.755000 0.345676
896000 0.770000 0.877500 0.985000 0.755000 0.338997
897000 0.767500 0.877500 0.987500 0.755000 0.382195
898000 0.765000 0.876250 0.987500 0.752500 0.362419
899000 0.765000 0.876250 0.987500 0.752500 0.357173
900000 0.767500 0.877500 0.987500 0.755000 0.377936
901000 0.772500 0.880000 0.987500 0.760000 0.335098
902000 0.772500 0.880000 0.987500 0.760000 0.371365
903000 0.772500 0.880000 0.987500 0.760000 0.360427
904000 0.770000 0.878750 0.987500 0.757500 0.390162
905000 0.770000 0.880000 0.990000 0.760000 0.312932
906000 0.767500 0.877500 0.987500 0.755000 0.365480
907000 0.770000 0.878750 0.987500 0.757500 0.367518
908000 0.775000 0.881250 0.987500 0.762500 0.366172
909000 0.777500 0.882500 0.987500 0.765000 0.461664
910000 0.782500 0.885000 0.987500 0.770000 0.343885
911000 0.782500 0.885000 0.987500 0.770000 0.401613
912000 0.787500 0.887500 0.987500 0.775000 0.380466
913000 0.782500 0.885000 0.987500 0.770000 0.358149
914000 0.782500 0.885000 0.987500 0.770000 0.383559
915000 0.785000 0.886250 0.987500 0.772500 0.412269
916000 0.780000 0.883750 0.987500 0.767500 0.364084
917000 0.780000 0.883750 0.987500 0.767500 0.367522
918000 0.782500 0.885000 0.987500 0.770000 0.413433
919000 0.782500 0.885000 0.987500 0.770000 0.392131
920000 0.785000 0.886250 0.987500 0.772500 0.348009
921000 0.782500 0.885000 0.987500 0.770000 0.445849
922000 0.780000 0.883750 0.987500 0.767500 0.402609
923000 0.775000 0.881250 0.987500 0.762500 0.397088
924000 0.775000 0.881250 0.987500 0.762500 0.434532
925000 0.777500 0.882500 0.987500 0.765000 0.355265
926000 0.775000 0.881250 0.987500 0.762500 0.374766
927000 0.780000 0.883750 0.987500 0.767500 0.447139
928000 0.782500 0.885000 0.987500 0.770000 0.437231
929000 0.785000 0.885000 0.985000 0.770000 0.332266
930000 0.785000 0.885000 0.985000 0.770000 0.404579
931000 0.785000 0.885000 0.985000 0.770000 0.294180
932000 0.782500 0.883750 0.985000 0.767500 0.456314
933000 0.787500 0.886250 0.985000 0.772500 0.304721
934000 0.787500 0.886250 0.985000 0.772500 0.382686
935000 0.780000 0.882500 0.985000 0.765000 0.381318
936000 0.787500 0.886250 0.985000 0.772500 0.388923
937000 0.787500 0.886250 0.985000 0.772500 0.358714
938000 0.785000 0.885000 0.985000 0.770000 0.381284
939000 0.790000 0.887500 0.985000 0.775000 0.397444
940000 0.790000 0.888750 0.987500 0.777500 0.398507
941000 0.790000 0.888750 0.987500 0.777500 0.360691
942000 0.792500 0.890000 0.987500 0.780000 0.440658
943000 0.792500 0.890000 0.987500 0.780000 0.388110
944000 0.792500 0.890000 0.987500 0.780000 0.416238
945000 0.795000 0.891250 0.987500 0.782500 0.409785
946000 0.797500 0.892500 0.987500 0.785000 0.382147
947000 0.800000 0.893750 0.987500 0.787500 0.429792
948000 0.800000 0.893750 0.987500 0.787500 0.389561
949000 0.800000 0.893750 0.987500 0.787500 0.396409
950000 0.797500 0.892500 0.987500 0.785000 0.350854
951000 0.797500 0.892500 0.987500 0.785000 0.359410
952000 0.797500 0.892500 0.987500 0.785000 0.411641
953000 0.802500 0.895000 0.987500 0.790000 0.453824
954000 0.805000 0.896250 0.987500 0.792500 0.421716
955000 0.805000 0.896250 0.987500 0.792500 0.418326
956000 0.805000 0.896250 0.987500 0.792500 0.355713
957000 0.805000 0.896250 0.987500 0.792500 0.379133
958000 0.812500 0.900000 0.987500 0.800000 0.416553
959000 0.812500 0.900000 0.987500 0.800000 0.438347
960000 0.817500 0.903750 0.990000 0.807500 0.419612
961000 0.822500 0.906250 0.990000 0.812500 0.422486
962000 0.825000 0.907500 0.990000 0.815000 0.421535
963000 0.827500 0.908750 0.990000 0.817500 0.453209
964000 0.827500 0.908750 0.990000 0.817500 0.425720
965000 0.827500 0.910000 0.992500 0.820000 0.386683
966000 0.825000 0.908750 0.992500 0.817500 0.419929
967000 0.825000 0.908750 0.992500 0.817500 0.349665
968000 0.825000 0.908750 0.992500 0.817500 0.398351
969000 0.825000 0.908750 0.992500 0.817500 0.452768
970000 0.827500 0.910000 0.992500 0.820000 0.461258
971000 0.827500 0.910000 0.992500 0.820000 0.352105
972000 0.827500 0.910000 0.992500 0.820000 0.386697
973000 0.825000 0.908750 0.992500 0.817500 0.447774
974000 0.825000 0.908750 0.992500 0.817500 0.439417
975000 0.827500 0.910000 0.992500 0.820000 0.456513
976000 0.830000 0.911250 0.992500 0.822500 0.410526
977000 0.832500 0.912500 0.992500 0.825000 0.406274
978000 0.832500 0.913750 0.995000 0.827500 0.505785
979000 0.827500 0.911250 0.995000 0.822500 0.453800
980000 0.825000 0.908750 0.992500 0.817500 0.397916
981000 0.822500 0.907500 0.992500 0.815000 0.463029
982000 0.825000 0.908750 0.992500 0.817500 0.431962
983000 0.825000 0.908750 0.992500 0.817500 0.404943
984000 0.832500 0.912500 0.992500 0.825000 0.497612
985000 0.837500 0.916250 0.995000 0.832500 0.396522
986000 0.837500 0.916250 0.995000 0.832500 0.412307
987000 0.835000 0.915000 0.995000 0.830000 0.443676
988000 0.832500 0.913750 0.995000 0.827500 0.467293
989000 0.832500 0.913750 0.995000 0.827500 0.473036
990000 0.830000 0.911250 0.992500 0.822500 0.479988
991000 0.830000 0.911250 0.992500 0.822500 0.484900
992000 0.835000 0.913750 0.992500 0.827500 0.363603
993000 0.835000 0.913750 0.992500 0.827500 0.373686
994000 0.837500 0.915000 0.992500 0.830000 0.364957
995000 0.835000 0.912500 0.990000 0.825000 0.457510
996000 0.840000 0.915000 0.990000 0.830000 0.355995
997000 0.840000 0.915000 0.990000 0.830000 0.397710
998000 0.845000 0.917500 0.990000 0.835000 0.339324
999000 0.845000 0.917500 0.990000 0.835000 0.493309
1000000 0.850000 0.920000 0.990000 0.840000 0.407132
1001000 0.852500 0.921250 0.990000 0.842500 0.474925
1002000 0.850000 0.920000 0.990000 0.840000 0.389543
1003000 0.847500 0.918750 0.990000 0.837500 0.474943
1004000 0.850000 0.920000 0.990000 0.840000 0.428108
1005000 0.855000 0.922500 0.990000 0.845000 0.430251
1006000 0.852500 0.921250 0.990000 0.842500 0.509035
1007000 0.852500 0.921250 0.990000 0.842500 0.388266
1008000 0.852500 0.921250 0.990000 0.842500 0.476372
1009000 0.852500 0.921250 0.990000 0.842500 0.428849
1010000 0.852500 0.921250 0.990000 0.842500 0.491659
1011000 0.852500 0.921250 0.990000 0.842500 0.387195
1012000 0.855000 0.922500 0.990000 0.845000 0.427354
1013000 0.860000 0.925000 0.990000 0.850000 0.428575
1014000 0.857500 0.923750 0.990000 0.847500 0.415122
1015000 0.857500 0.923750 0.990000 0.847500 0.404951
1016000 0.860000 0.923750 0.987500 0.847500 0.435836
1017000 0.860000 0.923750 0.987500 0.847500 0.469734
1018000 0.857500 0.922500 0.987500 0.845000 0.418466
1019000 0.860000 0.923750 0.987500 0.847500 0.460189
1020000 0.857500 0.921250 0.985000 0.842500 0.445698
1021000 0.857500 0.920000 0.982500 0.840000 0.409863
1022000 0.857500 0.920000 0.982500 0.840000 0.446768
1023000 0.857500 0.920000 0.982500 0.840000 0.368932
1024000 0.857500 0.920000 0.982500 0.840000 0.455853
1025000 0.860000 0.921250 0.982500 0.842500 0.379361
1026000 0.857500 0.920000 0.982500 0.840000 0.501524
1027000 0.855000 0.918750 0.982500 0.837500 0.415327
1028000 0.857500 0.920000 0.982500 0.840000 0.409758
1029000 0.857500 0.920000 0.982500 0.840000 0.489645
1030000 0.857500 0.920000 0.982500 0.840000 0.389039
1031000 0.860000 0.921250 0.982500 0.842500 0.394149
1032000 0.862500 0.922500 0.982500 0.845000 0.496748
1033000 0.860000 0.921250 0.982500 0.842500 0.491610
1034000 0.860000 0.921250 0.982500 0.842500 0.415987
1035000 0.857500 0.920000 0.982500 0.840000 0.450931
1036000 0.855000 0.917500 0.980000 0.835000 0.381542
1037000 0.857500 0.918750 0.980000 0.837500 0.369316
1038000 0.860000 0.920000 0.980000 0.840000 0.472781
1039000 0.860000 0.920000 0.980000 0.840000 0.516972
1040000 0.860000 0.920000 0.980000 0.840000 0.445555
1041000 0.857500 0.918750 0.980000 0.837500 0.469366
1042000 0.857500 0.918750 0.980000 0.837500 0.462719
1043000 0.857500 0.918750 0.980000 0.837500 0.503215
1044000 0.860000 0.920000 0.980000 0.840000 0.427762
1045000 0.860000 0.920000 0.980000 0.840000 0.458793
1046000 0.865000 0.922500 0.980000 0.845000 0.427289
1047000 0.867500 0.923750 0.980000 0.847500 0.517205
1048000 0.867500 0.923750 0.980000 0.847500 0.395476
1049000 0.867500 0.923750 0.980000 0.847500 0.480063
1050000 0.865000 0.922500 0.980000 0.845000 0.460054
1051000 0.862500 0.921250 0.980000 0.842500 0.445100
1052000 0.862500 0.921250 0.980000 0.842500 0.410315
1053000 0.862500 0.921250 0.980000 0.842500 0.411923
1054000 0.862500 0.921250 0.980000 0.842500 0.450844
1055000 0.865000 0.922500 0.980000 0.845000 0.432925
1056000 0.865000 0.922500 0.980000 0.845000 0.467696
1057000 0.867500 0.923750 0.980000 0.847500 0.442896
1058000 0.865000 0.922500 0.980000 0.845000 0.537708
1059000 0.862500 0.920000 0.977500 0.840000 0.488758
1060000 0.862500 0.920000 0.977500 0.840000 0.468636
1061000 0.860000 0.918750 0.977500 0.837500 0.464116
1062000 0.867500 0.923750 0.980000 0.847500 0.373182
1063000 0.867500 0.923750 0.980000 0.847500 0.373056
1064000 0.872500 0.926250 0.980000 0.852500 0.478313
1065000 0.875000 0.927500 0.980000 0.855000 0.530250
1066000 0.872500 0.926250 0.980000 0.852500 0.443297
1067000 0.872500 0.926250 0.980000 0.852500 0.487877
1068000 0.870000 0.925000 0.980000 0.850000 0.468477
1069000 0.872500 0.926250 0.980000 0.852500 0.446262
1070000 0.875000 0.927500 0.980000 0.855000 0.482218
1071000 0.877500 0.930000 0.982500 0.860000 0.501693
1072000 0.877500 0.930000 0.982500 0.860000 0.428377
1073000 0.880000 0.931250 0.982500 0.862500 0.413438
1074000 0.880000 0.931250 0.982500 0.862500 0.389363
1075000 0.882500 0.932500 0.982500 0.865000 0.473076
1076000 0.882500 0.932500 0.982500 0.865000 0.532483
1077000 0.887500 0.936250 0.985000 0.872500 0.474139
1078000 0.885000 0.935000 0.985000 0.870000 0.454646
1079000 0.885000 0.935000 0.985000 0.870000 0.452711
1080000 0.885000 0.935000 0.985000 0.870000 0.444310
1081000 0.882500 0.933750 0.985000 0.867500 0.466504
1082000 0.885000 0.935000 0.985000 0.870000 0.445087
1083000 0.887500 0.936250 0.985000 0.872500 0.431881
1084000 0.887500 0.936250 0.985000 0.872500 0.463835
1085000 0.890000 0.937500 0.985000 0.875000 0.434852
1086000 0.895000 0.940000 0.985000 0.880000 0.500570
1087000 0.892500 0.938750 0.985000 0.877500 0.444192
1088000 0.892500 0.938750 0.985000 0.877500 0.520458
1089000 0.892500 0.938750 0.985000 0.877500 0.457197
1090000 0.895000 0.940000 0.985000 0.880000 0.461373
1091000 0.895000 0.940000 0.985000 0.880000 0.483216
1092000 0.897500 0.941250 0.985000 0.882500 0.418623
1093000 0.897500 0.941250 0.985000 0.882500 0.521645
1094000 0.892500 0.938750 0.985000 0.877500 0.453626
1095000 0.892500 0.937500 0.982500 0.875000 0.446105
1096000 0.895000 0.938750 0.982500 0.877500 0.451064
1097000 0.892500 0.938750 0.985000 0.877500 0.489180
1098000 0.890000 0.937500 0.985000 0.875000 0.449183
1099000 0.890000 0.937500 0.985000 0.875000 0.495944
1100000 0.890000 0.938750 0.987500 0.877500 0.456642
1101000 0.890000 0.938750 0.987500 0.877500 0.462641
1102000 0.895000 0.942500 0.990000 0.885000 0.500846
1103000 0.897500 0.943750 0.990000 0.887500 0.512286
1104000 0.900000 0.945000 0.990000 0.890000 0.477360
1105000 0.900000 0.945000 0.990000 0.890000 0.514075
1106000 0.905000 0.947500 0.990000 0.895000 0.516109
1107000 0.907500 0.948750 0.990000 0.897500 0.499544
1108000 0.910000 0.950000 0.990000 0.900000 0.440915
1109000 0.910000 0.950000 0.990000 0.900000 0.492194
1110000 0.910000 0.950000 0.990000 0.900000 0.504423
1111000 0.907500 0.948750 0.990000 0.897500 0.474490
1112000 0.910000 0.950000 0.990000 0.900000 0.555336
1113000 0.910000 0.950000 0.990000 0.900000 0.538657
1114000 0.910000 0.950000 0.990000 0.900000 0.501016
1115000 0.912500 0.951250 0.990000 0.902500 0.526245
1116000 0.915000 0.953750 0.992500 0.907500 0.500219
1117000 0.912500 0.952500 0.992500 0.905000 0.537605
1118000 0.910000 0.951250 0.992500 0.902500 0.442502
1119000 0.905000 0.948750 0.992500 0.897500 0.466534
1120000 0.905000 0.948750 0.992500 0.897500 0.524448
1121000 0.902500 0.947500 0.992500 0.895000 0.480644
1122000 0.905000 0.948750 0.992500 0.897500 0.451052
1123000 0.905000 0.948750 0.992500 0.897500 0.473894
1124000 0.902500 0.947500 0.992500 0.895000 0.458905
1125000 0.897500 0.945000 0.992500 0.890000 0.528884
1126000 0.900000 0.946250 0.992500 0.892500 0.495493
1127000 0.900000 0.946250 0.992500 0.892500 0.516653
1128000 0.902500 0.947500 0.992500 0.895000 0.471709
1129000 0.905000 0.948750 0.992500 0.897500 0.438498
1130000 0.907500 0.950000 0.992500 0.900000 0.539761
1131000 0.910000 0.951250 0.992500 0.902500 0.482988
1132000 0.907500 0.950000 0.992500 0.900000 0.508561
1133000 0.910000 0.951250 0.992500 0.902500 0.420788
1134000 0.907500 0.948750 0.990000 0.897500 0.516228
1135000 0.907500 0.948750 0.990000 0.897500 0.569594
1136000 0.910000 0.950000 0.990000 0.900000 0.514459
1137000 0.917500 0.955000 0.992500 0.910000 0.555931
1138000 0.922500 0.957500 0.992500 0.915000 0.558584
1139000 0.922500 0.957500 0.992500 0.915000 0.589939
1140000 0.922500 0.957500 0.992500 0.915000 0.543551
1141000 0.922500 0.957500 0.992500 0.915000 0.473732
1142000 0.922500 0.957500 0.992500 0.915000 0.510300
1143000 0.922500 0.957500 0.992500 0.915000 0.481271
1144000 0.922500 0.957500 0.992500 0.915000 0.482414
1145000 0.922500 0.957500 0.992500 0.915000 0.539061
1146000 0.925000 0.958750 0.992500 0.917500 0.478262
1147000 0.927500 0.960000 0.992500 0.920000 0.495601
1148000 0.925000 0.958750 0.992500 0.917500 0.528192
1149000 0.925000 0.958750 0.992500 0.917500 0.478404
1150000 0.920000 0.956250 0.992500 0.912500 0.497870
1151000 0.920000 0.956250 0.992500 0.912500 0.514740
1152000 0.920000 0.956250 0.992500 0.912500 0.546148
1153000 0.922500 0.957500 0.992500 0.915000 0.528637
1154000 0.922500 0.957500 0.992500 0.915000 0.481096
1155000 0.920000 0.955000 0.990000 0.910000 0.488802
1156000 0.920000 0.955000 0.990000 0.910000 0.512757
1157000 0.920000 0.955000 0.990000 0.910000 0.518030
1158000 0.920000 0.955000 0.990000 0.910000 0.535507
1159000 0.920000 0.955000 0.990000 0.910000 0.473755
1160000 0.920000 0.955000 0.990000 0.910000 0.492234
1161000 0.917500 0.953750 0.990000 0.907500 0.528937
1162000 0.915000 0.952500 0.990000 0.905000 0.514371
1163000 0.915000 0.952500 0.990000 0.905000 0.575617
1164000 0.917500 0.955000 0.992500 0.910000 0.618313
1165000 0.917500 0.955000 0.992500 0.910000 0.553861
1166000 0.915000 0.953750 0.992500 0.907500 0.496772
1167000 0.910000 0.951250 0.992500 0.902500 0.547018
1168000 0.910000 0.951250 0.992500 0.902500 0.537530
1169000 0.910000 0.951250 0.992500 0.902500 0.479866
1170000 0.912500 0.952500 0.992500 0.905000 0.519652
1171000 0.915000 0.955000 0.995000 0.910000 0.442866
1172000 0.915000 0.955000 0.995000 0.910000 0.487325
1173000 0.912500 0.953750 0.995000 0.907500 0.511661
1174000 0.915000 0.955000 0.995000 0.910000 0.486859
1175000 0.915000 0.955000 0.995000 0.910000 0.474124
1176000 0.915000 0.955000 0.995000 0.910000 0.542028
1177000 0.915000 0.955000 0.995000 0.910000 0.556739
1178000 0.915000 0.955000 0.995000 0.910000 0.500741
1179000 0.915000 0.955000 0.995000 0.910000 0.477164
1180000 0.915000 0.955000 0.995000 0.910000 0.566211
1181000 0.915000 0.955000 0.995000 0.910000 0.524038
1182000 0.915000 0.955000 0.995000 0.910000 0.484509
1183000 0.915000 0.955000 0.995000 0.910000 0.556809
1184000 0.915000 0.955000 0.995000 0.910000 0.435525
1185000 0.915000 0.955000 0.995000 0.910000 0.472425
1186000 0.915000 0.955000 0.995000 0.910000 0.499435
1187000 0.915000 0.955000 0.995000 0.910000 0.525701
1188000 0.915000 0.955000 0.995000 0.910000 0.538664
1189000 0.915000 0.955000 0.995000 0.910000 0.518378
1190000 0.912500 0.952500 0.992500 0.905000 0.462918
1191000 0.907500 0.950000 0.992500 0.900000 0.520388
1192000 0.907500 0.950000 0.992500 0.900000 0.457388
1193000 0.907500 0.950000 0.992500 0.900000 0.477449
1194000 0.915000 0.953750 0.992500 0.907500 0.492232
1195000 0.920000 0.956250 0.992500 0.912500 0.487802
1196000 0.920000 0.956250 0.992500 0.912500 0.534812
1197000 0.922500 0.957500 0.992500 0.915000 0.506575
1198000 0.925000 0.958750 0.992500 0.917500 0.496009
1199000 0.925000 0.958750 0.992500 0.917500 0.544069
1200000 0.927500 0.960000 0.992500 0.920000 0.494866
1201000 0.927500 0.960000 0.992500 0.920000 0.545077
1202000 0.927500 0.960000 0.992500 0.920000 0.478141
1203000 0.927500 0.960000 0.992500 0.920000 0.531169
1204000 0.927500 0.960000 0.992500 0.920000 0.535880
1205000 0.927500 0.960000 0.992500 0.920000 0.531779
1206000 0.930000 0.961250 0.992500 0.922500 0.542044
1207000 0.930000 0.961250 0.992500 0.922500 0.619796
1208000 0.932500 0.963750 0.995000 0.927500 0.490056
1209000 0.932500 0.963750 0.995000 0.927500 0.505666
1210000 0.932500 0.963750 0.995000 0.927500 0.510218
1211000 0.930000 0.962500 0.995000 0.925000 0.509681
1212000 0.927500 0.961250 0.995000 0.922500 0.522450
1213000 0.925000 0.960000 0.995000 0.920000 0.517867
1214000 0.925000 0.960000 0.995000 0.920000 0.485783
1215000 0.922500 0.958750 0.995000 0.917500 0.513945
1216000 0.922500 0.958750 0.995000 0.917500 0.506170
1217000 0.920000 0.957500 0.995000 0.915000 0.538469
1218000 0.917500 0.956250 0.995000 0.912500 0.511950
1219000 0.917500 0.956250 0.995000 0.912500 0.547916
1220000 0.920000 0.957500 0.995000 0.915000 0.483450
1221000 0.920000 0.957500 0.995000 0.915000 0.541657
1222000 0.920000 0.957500 0.995000 0.915000 0.531779
1223000 0.922500 0.957500 0.992500 0.915000 0.520314
1224000 0.922500 0.957500 0.992500 0.915000 0.554608
1225000 0.917500 0.955000 0.992500 0.910000 0.565617
1226000 0.917500 0.955000 0.992500 0.910000 0.554475
1227000 0.920000 0.956250 0.992500 0.912500 0.530407
1228000 0.922500 0.958750 0.995000 0.917500 0.526546
1229000 0.922500 0.958750 0.995000 0.917500 0.536244
1230000 0.925000 0.960000 0.995000 0.920000 0.569914
1231000 0.925000 0.960000 0.995000 0.920000 0.597792
1232000 0.927500 0.961250 0.995000 0.922500 0.563359
1233000 0.930000 0.962500 0.995000 0.925000 0.597732
1234000 0.927500 0.961250 0.995000 0.922500 0.572380
1235000 0.927500 0.961250 0.995000 0.922500 0.560058
1236000 0.932500 0.963750 0.995000 0.927500 0.600140
1237000 0.935000 0.965000 0.995000 0.930000 0.565785
1238000 0.932500 0.963750 0.995000 0.927500 0.504632
1239000 0.932500 0.963750 0.995000 0.927500 0.510600
1240000 0.932500 0.963750 0.995000 0.927500 0.571974
1241000 0.935000 0.965000 0.995000 0.930000 0.523067
1242000 0.940000 0.967500 0.995000 0.935000 0.569890
1243000 0.942500 0.968750 0.995000 0.937500 0.596400
1244000 0.945000 0.970000 0.995000 0.940000 0.535208
1245000 0.947500 0.971250 0.995000 0.942500 0.555723
1246000 0.945000 0.970000 0.995000 0.940000 0.515097
1247000 0.942500 0.968750 0.995000 0.937500 0.559283
1248000 0.942500 0.968750 0.995000 0.937500 0.580104
1249000 0.942500 0.968750 0.995000 0.937500 0.544544
1250000 0.942500 0.968750 0.995000 0.937500 0.597766
1251000 0.942500 0.968750 0.995000 0.937500 0.557873
1252000 0.940000 0.967500 0.995000 0.935000 0.512252
1253000 0.937500 0.966250 0.995000 0.932500 0.525743
1254000 0.937500 0.966250 0.995000 0.932500 0.537756
1255000 0.937500 0.966250 0.995000 0.932500 0.586794
1256000 0.937500 0.966250 0.995000 0.932500 0.588112
1257000 0.942500 0.970000 0.997500 0.940000 0.596087
1258000 0.942500 0.970000 0.997500 0.940000 0.589959
1259000 0.950000 0.973750 0.997500 0.947500 0.642640
1260000 0.950000 0.973750 0.997500 0.947500 0.612987
1261000 0.950000 0.973750 0.997500 0.947500 0.567031
1262000 0.950000 0.973750 0.997500 0.947500 0.617013
1263000 0.950000 0.973750 0.997500 0.947500 0.576083
1264000 0.950000 0.973750 0.997500 0.947500 0.552347
1265000 0.950000 0.972500 0.995000 0.945000 0.612088
1266000 0.950000 0.972500 0.995000 0.945000 0.539314
1267000 0.950000 0.972500 0.995000 0.945000 0.563866
1268000 0.950000 0.972500 0.995000 0.945000 0.586064
1269000 0.947500 0.971250 0.995000 0.942500 0.584868
1270000 0.947500 0.971250 0.995000 0.942500 0.543542
1271000 0.947500 0.971250 0.995000 0.942500 0.543692
1272000 0.947500 0.971250 0.995000 0.942500 0.620942
1273000 0.947500 0.971250 0.995000 0.942500 0.552090
1274000 0.947500 0.971250 0.995000 0.942500 0.571173
1275000 0.945000 0.970000 0.995000 0.940000 0.554217
1276000 0.947500 0.971250 0.995000 0.942500 0.607790
1277000 0.947500 0.971250 0.995000 0.942500 0.595676
1278000 0.945000 0.968750 0.992500 0.937500 0.563691
1279000 0.945000 0.968750 0.992500 0.937500 0.526543
1280000 0.945000 0.968750 0.992500 0.937500 0.535286
1281000 0.947500 0.970000 0.992500 0.940000 0.562819
1282000 0.952500 0.972500 0.992500 0.945000 0.531292
1283000 0.955000 0.973750 0.992500 0.947500 0.630978
1284000 0.955000 0.973750 0.992500 0.947500 0.566344
1285000 0.955000 0.973750 0.992500 0.947500 0.613474
1286000 0.955000 0.973750 0.992500 0.947500 0.591126
1287000 0.955000 0.973750 0.992500 0.947500 0.559226
1288000 0.957500 0.976250 0.995000 0.952500 0.566251
1289000 0.955000 0.975000 0.995000 0.950000 0.513706
1290000 0.952500 0.973750 0.995000 0.947500 0.556189
1291000 0.955000 0.975000 0.995000 0.950000 0.545268
1292000 0.952500 0.973750 0.995000 0.947500 0.605504
1293000 0.952500 0.973750 0.995000 0.947500 0.527839
1294000 0.952500 0.973750 0.995000 0.947500 0.643532
1295000 0.952500 0.973750 0.995000 0.947500 0.655266
1296000 0.952500 0.973750 0.995000 0.947500 0.538290
1297000 0.952500 0.973750 0.995000 0.947500 0.579888
1298000 0.952500 0.973750 0.995000 0.947500 0.554650
1299000 0.952500 0.973750 0.995000 0.947500 0.533069
1300000 0.952500 0.973750 0.995000 0.947500 0.572011
1301000 0.952500 0.973750 0.995000 0.947500 0.621743
1302000 0.957500 0.976250 0.995000 0.952500 0.501899
1303000 0.955000 0.975000 0.995000 0.950000 0.543964
1304000 0.955000 0.975000 0.995000 0.950000 0.579385
1305000 0.955000 0.975000 0.995000 0.950000 0.612541
1306000 0.955000 0.975000 0.995000 0.950000 0.624598
1307000 0.957500 0.976250 0.995000 0.952500 0.562471
1308000 0.960000 0.977500 0.995000 0.955000 0.552198
1309000 0.960000 0.977500 0.995000 0.955000 0.595554
1310000 0.957500 0.976250 0.995000 0.952500 0.563512
1311000 0.960000 0.977500 0.995000 0.955000 0.539288
1312000 0.962500 0.978750 0.995000 0.957500 0.611957
1313000 0.962500 0.978750 0.995000 0.957500 0.546830
1314000 0.965000 0.980000 0.995000 0.960000 0.558374
1315000 0.962500 0.978750 0.995000 0.957500 0.592123
1316000 0.965000 0.980000 0.995000 0.960000 0.549914
1317000 0.965000 0.980000 0.995000 0.960000 0.610905
1318000 0.965000 0.980000 0.995000 0.960000 0.577451
1319000 0.965000 0.980000 0.995000 0.960000 0.586526
1320000 0.962500 0.978750 0.995000 0.957500 0.608271
1321000 0.962500 0.978750 0.995000 0.957500 0.597978
1322000 0.962500 0.980000 0.997500 0.960000 0.611520
1323000 0.960000 0.978750 0.997500 0.957500 0.554905
1324000 0.960000 0.978750 0.997500 0.957500 0.555574
1325000 0.962500 0.980000 0.997500 0.960000 0.579295
1326000 0.962500 0.980000 0.997500 0.960000 0.626843
1327000 0.962500 0.980000 0.997500 0.960000 0.595993
1328000 0.962500 0.980000 0.997500 0.960000 0.599152
1329000 0.965000 0.981250 0.997500 0.962500 0.605379
1330000 0.965000 0.981250 0.997500 0.962500 0.627535
1331000 0.970000 0.983750 0.997500 0.967500 0.544335
1332000 0.972500 0.986250 1.000000 0.972500 0.586852
1333000 0.970000 0.985000 1.000000 0.970000 0.607275
1334000 0.970000 0.985000 1.000000 0.970000 0.563364
1335000 0.970000 0.985000 1.000000 0.970000 0.635243
1336000 0.967500 0.983750 1.000000 0.967500 0.628847
1337000 0.967500 0.983750 1.000000 0.967500 0.606961
1338000 0.967500 0.983750 1.000000 0.967500 0.581666
1339000 0.972500 0.986250 1.000000 0.972500 0.563206
1340000 0.972500 0.986250 1.000000 0.972500 0.608079
1341000 0.977500 0.988750 1.000000 0.977500 0.623694
1342000 0.977500 0.988750 1.000000 0.977500 0.568973
1343000 0.972500 0.986250 1.000000 0.972500 0.575336
1344000 0.972500 0.986250 1.000000 0.972500 0.589126
1345000 0.972500 0.986250 1.000000 0.972500 0.618573
1346000 0.972500 0.986250 1.000000 0.972500 0.575100
1347000 0.975000 0.987500 1.000000 0.975000 0.524426
1348000 0.975000 0.987500 1.000000 0.975000 0.560739
1349000 0.975000 0.987500 1.000000 0.975000 0.589385
1350000 0.972500 0.986250 1.000000 0.972500 0.616390
1351000 0.975000 0.987500 1.000000 0.975000 0.573704
1352000 0.975000 0.987500 1.000000 0.975000 0.588570
1353000 0.972500 0.986250 1.000000 0.972500 0.571858
1354000 0.972500 0.986250 1.000000 0.972500 0.575532
1355000 0.972500 0.986250 1.000000 0.972500 0.585836
1356000 0.972500 0.986250 1.000000 0.972500 0.632516
1357000 0.970000 0.985000 1.000000 0.970000 0.617311
1358000 0.972500 0.986250 1.000000 0.972500 0.607103
1359000 0.972500 0.986250 1.000000 0.972500 0.578643
1360000 0.972500 0.986250 1.000000 0.972500 0.587369
1361000 0.972500 0.986250 1.000000 0.972500 0.592787
1362000 0.975000 0.987500 1.000000 0.975000 0.607563
1363000 0.975000 0.987500 1.000000 0.975000 0.589853
1364000 0.975000 0.987500 1.000000 0.975000 0.576196
1365000 0.975000 0.987500 1.000000 0.975000 0.639910
1366000 0.977500 0.988750 1.000000 0.977500 0.616493
1367000 0.980000 0.990000 1.000000 0.980000 0.625461
1368000 0.980000 0.990000 1.000000 0.980000 0.558328
1369000 0.982500 0.991250 1.000000 0.982500 0.629972
1370000 0.982500 0.991250 1.000000 0.982500 0.589032
1371000 0.982500 0.991250 1.000000 0.982500 0.601230
1372000 0.982500 0.991250 1.000000 0.982500 0.625687
1373000 0.982500 0.991250 1.000000 0.982500 0.596725
1374000 0.982500 0.991250 1.000000 0.982500 0.597803
1375000 0.982500 0.991250 1.000000 0.982500 0.600212
1376000 0.982500 0.991250 1.000000 0.982500 0.611116
1377000 0.982500 0.991250 1.000000 0.982500 0.620399
1378000 0.982500 0.991250 1.000000 0.982500 0.626075
1379000 0.985000 0.992500 1.000000 0.985000 0.629449
1380000 0.982500 0.990000 0.997500 0.980000 0.616586
1381000 0.980000 0.988750 0.997500 0.977500 0.579961
1382000 0.980000 0.988750 0.997500 0.977500 0.658149
1383000 0.980000 0.988750 0.997500 0.977500 0.597502
1384000 0.980000 0.988750 0.997500 0.977500 0.658472
1385000 0.980000 0.988750 0.997500 0.977500 0.612018
1386000 0.980000 0.988750 0.997500 0.977500 0.626865
1387000 0.980000 0.988750 0.997500 0.977500 0.632766
1388000 0.985000 0.991250 0.997500 0.982500 0.625123
1389000 0.985000 0.991250 0.997500 0.982500 0.599206
1390000 0.985000 0.991250 0.997500 0.982500 0.601969
1391000 0.985000 0.991250 0.997500 0.982500 0.654673
1392000 0.985000 0.991250 0.997500 0.982500 0.687707
1393000 0.985000 0.991250 0.997500 0.982500 0.618625
1394000 0.982500 0.988750 0.995000 0.977500 0.582775
1395000 0.982500 0.988750 0.995000 0.977500 0.629010
1396000 0.982500 0.988750 0.995000 0.977500 0.604098
1397000 0.982500 0.988750 0.995000 0.977500 0.587109
1398000 0.985000 0.990000 0.995000 0.980000 0.569911
1399000 0.985000 0.990000 0.995000 0.980000 0.610953
1400000 0.985000 0.990000 0.995000 0.980000 0.634866
1401000 0.985000 0.990000 0.995000 0.980000 0.624394
1402000 0.987500 0.991250 0.995000 0.982500 0.646190
1403000 0.987500 0.991250 0.995000 0.982500 0.686070
1404000 0.987500 0.991250 0.995000 0.982500 0.641717
1405000 0.987500 0.991250 0.995000 0.982500 0.626561
1406000 0.987500 0.991250 0.995000 0.982500 0.632384
1407000 0.987500 0.991250 0.995000 0.982500 0.565215
1408000 0.985000 0.990000 0.995000 0.980000 0.603365
1409000 0.985000 0.990000 0.995000 0.980000 0.641851
1410000 0.982500 0.987500 0.992500 0.975000 0.628754
1411000 0.982500 0.987500 0.992500 0.975000 0.591275
1412000 0.982500 0.987500 0.992500 0.975000 0.633278
1413000 0.982500 0.987500 0.992500 0.975000 0.654595
1414000 0.982500 0.987500 0.992500 0.975000 0.590061
1415000 0.982500 0.987500 0.992500 0.975000 0.595495
1416000 0.980000 0.986250 0.992500 0.972500 0.651338
1417000 0.980000 0.986250 0.992500 0.972500 0.617259
1418000 0.980000 0.986250 0.992500 0.972500 0.594307
1419000 0.977500 0.985000 0.992500 0.970000 0.579784
1420000 0.977500 0.985000 0.992500 0.970000 0.661439
1421000 0.977500 0.985000 0.992500 0.970000 0.603881
1422000 0.977500 0.985000 0.992500 0.970000 0.632082
1423000 0.977500 0.985000 0.992500 0.970000 0.629182
1424000 0.977500 0.985000 0.992500 0.970000 0.603184
1425000 0.977500 0.985000 0.992500 0.970000 0.609033
1426000 0.980000 0.987500 0.995000 0.975000 0.613925
1427000 0.982500 0.988750 0.995000 0.977500 0.616422
1428000 0.982500 0.988750 0.995000 0.977500 0.578769
1429000 0.982500 0.988750 0.995000 0.977500 0.614198
1430000 0.980000 0.986250 0.992500 0.972500 0.653182
1431000 0.980000 0.986250 0.992500 0.972500 0.639558
1432000 0.980000 0.986250 0.992500 0.972500 0.612495
1433000 0.977500 0.985000 0.992500 0.970000 0.610896
1434000 0.977500 0.985000 0.992500 0.970000 0.596445
1435000 0.977500 0.985000 0.992500 0.970000 0.656642
1436000 0.977500 0.985000 0.992500 0.970000 0.620160
1437000 0.975000 0.983750 0.992500 0.967500 0.542181
1438000 0.972500 0.982500 0.992500 0.965000 0.635019
1439000 0.972500 0.982500 0.992500 0.965000 0.591724
1440000 0.970000 0.981250 0.992500 0.962500 0.585853
1441000 0.972500 0.983750 0.995000 0.967500 0.588296
1442000 0.972500 0.983750 0.995000 0.967500 0.544465
1443000 0.970000 0.982500 0.995000 0.965000 0.604826
1444000 0.970000 0.982500 0.995000 0.965000 0.580261
1445000 0.970000 0.982500 0.995000 0.965000 0.589164
1446000 0.970000 0.982500 0.995000 0.965000 0.633144
1447000 0.970000 0.982500 0.995000 0.965000 0.573090
1448000 0.970000 0.982500 0.995000 0.965000 0.621409
1449000 0.970000 0.982500 0.995000 0.965000 0.587952
1450000 0.970000 0.982500 0.995000 0.965000 0.600390
1451000 0.970000 0.982500 0.995000 0.965000 0.614363
1452000 0.970000 0.982500 0.995000 0.965000 0.575331
1453000 0.970000 0.982500 0.995000 0.965000 0.624855
1454000 0.972500 0.983750 0.995000 0.967500 0.656283
1455000 0.972500 0.983750 0.995000 0.967500 0.573115
1456000 0.975000 0.986250 0.997500 0.972500 0.587089
1457000 0.975000 0.986250 0.997500 0.972500 0.611602
1458000 0.972500 0.985000 0.997500 0.970000 0.623200
1459000 0.970000 0.983750 0.997500 0.967500 0.593943
1460000 0.970000 0.983750 0.997500 0.967500 0.630887
1461000 0.970000 0.983750 0.997500 0.967500 0.643424
1462000 0.972500 0.985000 0.997500 0.970000 0.615917
1463000 0.972500 0.985000 0.997500 0.970000 0.615510
1464000 0.972500 0.985000 0.997500 0.970000 0.607026
1465000 0.975000 0.986250 0.997500 0.972500 0.623447
1466000 0.970000 0.983750 0.997500 0.967500 0.617229
1467000 0.970000 0.983750 0.997500 0.967500 0.594726
1468000 0.970000 0.983750 0.997500 0.967500 0.643144
1469000 0.970000 0.983750 0.997500 0.967500 0.574407
1470000 0.967500 0.981250 0.995000 0.962500 0.597183
1471000 0.967500 0.981250 0.995000 0.962500 0.613370
1472000 0.967500 0.981250 0.995000 0.962500 0.615638
1473000 0.967500 0.981250 0.995000 0.962500 0.642690
1474000 0.967500 0.981250 0.995000 0.962500 0.663476
1475000 0.970000 0.982500 0.995000 0.965000 0.559901
1476000 0.970000 0.983750 0.997500 0.967500 0.607811
1477000 0.970000 0.983750 0.997500 0.967500 0.617285
1478000 0.970000 0.983750 0.997500 0.967500 0.673385
1479000 0.972500 0.985000 0.997500 0.970000 0.619682
1480000 0.972500 0.985000 0.997500 0.970000 0.636966
1481000 0.970000 0.983750 0.997500 0.967500 0.583332
1482000 0.970000 0.983750 0.997500 0.967500 0.685330
1483000 0.975000 0.986250 0.997500 0.972500 0.636354
1484000 0.975000 0.986250 0.997500 0.972500 0.631657
1485000 0.977500 0.987500 0.997500 0.975000 0.622551
1486000 0.980000 0.988750 0.997500 0.977500 0.637818
1487000 0.980000 0.988750 0.997500 0.977500 0.585046
1488000 0.982500 0.990000 0.997500 0.980000 0.657102
1489000 0.982500 0.990000 0.997500 0.980000 0.561039
1490000 0.980000 0.988750 0.997500 0.977500 0.633369
