1000 0.194175 0.381068 0.567961 -0.237864 0.345281
2000 0.192308 0.379808 0.567308 -0.240385 0.468971
3000 0.199052 0.386256 0.573460 -0.227488 0.494947
4000 0.198113 0.384434 0.570755 -0.231132 0.432487
5000 0.192661 0.380734 0.568807 -0.238532 0.456722
6000 0.193694 0.380631 0.567568 -0.238739 0.424297
7000 0.196429 0.381696 0.566964 -0.236607 0.459680
8000 0.199115 0.382743 0.566372 -0.234513 0.470109
9000 0.201754 0.383772 0.565789 -0.232456 0.396397
10000 0.202586 0.385776 0.568966 -0.228448 0.518822
11000 0.205882 0.386555 0.567227 -0.226891 0.544361
12000 0.207469 0.385892 0.564315 -0.228216 0.393053
13000 0.204082 0.379592 0.555102 -0.240816 0.365522
14000 0.209677 0.385081 0.560484 -0.229839 0.503616
15000 0.208000 0.382000 0.556000 -0.236000 0.477978
16000 0.206349 0.382937 0.559524 -0.234127 0.420198
17000 0.212598 0.387795 0.562992 -0.224409 0.487489
18000 0.210117 0.387160 0.564202 -0.225681 0.359589
19000 0.205323 0.384030 0.562738 -0.231939 0.458586
20000 0.203774 0.383019 0.562264 -0.233962 0.319592
21000 0.204461 0.384758 0.565056 -0.230483 0.381494
22000 0.203704 0.383333 0.562963 -0.233333 0.531886
23000 0.202952 0.381919 0.560886 -0.236162 0.337261
24000 0.200730 0.379562 0.558394 -0.240876 0.426608
25000 0.198556 0.377256 0.555957 -0.245487 0.402096
26000 0.195035 0.374113 0.553191 -0.251773 0.465115
27000 0.192982 0.371930 0.550877 -0.256140 0.383700
28000 0.195804 0.374126 0.552448 -0.251748 0.489390
29000 0.194444 0.373264 0.552083 -0.253472 0.388209
30000 0.191781 0.369863 0.547945 -0.260274 0.376755
31000 0.189831 0.371186 0.552542 -0.257627 0.362308
32000 0.187919 0.369128 0.550336 -0.261745 0.331764
33000 0.186667 0.368333 0.550000 -0.263333 0.421340
34000 0.188119 0.369637 0.551155 -0.260726 0.293427
35000 0.188312 0.370130 0.551948 -0.259740 0.424226
36000 0.191693 0.373802 0.555911 -0.252396 0.407822
37000 0.191083 0.372611 0.554140 -0.254777 0.328885
38000 0.194969 0.374214 0.553459 -0.251572 0.415357
39000 0.194357 0.373041 0.551724 -0.253918 0.412611
40000 0.198142 0.376161 0.554180 -0.247678 0.399077
41000 0.198171 0.376524 0.554878 -0.246951 0.359323
42000 0.201201 0.379880 0.558559 -0.240240 0.313410
43000 0.202985 0.380597 0.558209 -0.238806 0.333507
44000 0.201183 0.380178 0.559172 -0.239645 0.408113
45000 0.202346 0.381232 0.560117 -0.237537 0.301984
46000 0.203488 0.383721 0.563953 -0.232558 0.375054
47000 0.205202 0.385838 0.566474 -0.228324 0.334250
48000 0.202279 0.383191 0.564103 -0.233618 0.354031
49000 0.201133 0.382436 0.563739 -0.235127 0.345072
50000 0.200000 0.381690 0.563380 -0.236620 0.392753
51000 0.200000 0.381690 0.563380 -0.236620 0.353089
52000 0.197222 0.379167 0.561111 -0.241667 0.360132
53000 0.197802 0.380495 0.563187 -0.239011 0.367514
54000 0.196721 0.378415 0.560109 -0.243169 0.298074
55000 0.196185 0.378747 0.561308 -0.242507 0.372226
56000 0.195710 0.379357 0.563003 -0.241287 0.373487
57000 0.195187 0.378342 0.561497 -0.243316 0.298256
58000 0.198413 0.379630 0.560847 -0.240741 0.346779
59000 0.196335 0.380890 0.565445 -0.238220 0.412468
60000 0.195312 0.380208 0.565104 -0.239583 0.340749
61000 0.197403 0.381818 0.566234 -0.236364 0.301406
62000 0.200000 0.382051 0.564103 -0.235897 0.313833
63000 0.201531 0.382653 0.563776 -0.234694 0.314088
64000 0.199495 0.381313 0.563131 -0.237374 0.361048
65000 0.200501 0.382206 0.563910 -0.235589 0.397550
66000 0.195000 0.377500 0.560000 -0.245000 0.357345
67000 0.197500 0.378750 0.560000 -0.242500 0.319651
68000 0.197500 0.378750 0.560000 -0.242500 0.401905
69000 0.197500 0.378750 0.560000 -0.242500 0.381305
70000 0.200000 0.378750 0.557500 -0.242500 0.312571
71000 0.200000 0.378750 0.557500 -0.242500 0.317893
72000 0.202500 0.380000 0.557500 -0.240000 0.345625
73000 0.202500 0.383750 0.565000 -0.232500 0.357524
74000 0.205000 0.386250 0.567500 -0.227500 0.353131
75000 0.205000 0.386250 0.567500 -0.227500 0.350313
76000 0.205000 0.387500 0.570000 -0.225000 0.343011
77000 0.210000 0.392500 0.575000 -0.215000 0.379070
78000 0.210000 0.392500 0.575000 -0.215000 0.355631
79000 0.207500 0.387500 0.567500 -0.225000 0.417774
80000 0.207500 0.388750 0.570000 -0.222500 0.335280
81000 0.205000 0.387500 0.570000 -0.225000 0.300714
82000 0.202500 0.383750 0.565000 -0.232500 0.346531
83000 0.205000 0.383750 0.562500 -0.232500 0.278368
84000 0.207500 0.383750 0.560000 -0.232500 0.283531
85000 0.202500 0.380000 0.557500 -0.240000 0.327384
86000 0.202500 0.380000 0.557500 -0.240000 0.251817
87000 0.202500 0.380000 0.557500 -0.240000 0.306937
88000 0.202500 0.380000 0.557500 -0.240000 0.213482
89000 0.202500 0.380000 0.557500 -0.240000 0.307632
90000 0.200000 0.378750 0.557500 -0.242500 0.328422
91000 0.200000 0.377500 0.555000 -0.245000 0.420085
92000 0.197500 0.375000 0.552500 -0.250000 0.231358
93000 0.195000 0.372500 0.550000 -0.255000 0.256851
94000 0.192500 0.372500 0.552500 -0.255000 0.350221
95000 0.195000 0.372500 0.550000 -0.255000 0.269325
96000 0.195000 0.372500 0.550000 -0.255000 0.266665
97000 0.192500 0.372500 0.552500 -0.255000 0.289253
98000 0.190000 0.370000 0.550000 -0.260000 0.322428
99000 0.190000 0.370000 0.550000 -0.260000 0.328213
100000 0.192500 0.373750 0.555000 -0.252500 0.272361
101000 0.187500 0.370000 0.552500 -0.260000 0.296973
102000 0.185000 0.368750 0.552500 -0.262500 0.273279
103000 0.185000 0.368750 0.552500 -0.262500 0.340292
104000 0.185000 0.368750 0.552500 -0.262500 0.177681
105000 0.190000 0.372500 0.555000 -0.255000 0.337838
106000 0.187500 0.368750 0.550000 -0.262500 0.335335
107000 0.187500 0.368750 0.550000 -0.262500 0.324915
108000 0.187500 0.370000 0.552500 -0.260000 0.341774
109000 0.185000 0.370000 0.555000 -0.260000 0.323247
110000 0.187500 0.371250 0.555000 -0.257500 0.313360
111000 0.185000 0.368750 0.552500 -0.262500 0.191452
112000 0.185000 0.368750 0.552500 -0.262500 0.352557
113000 0.185000 0.367500 0.550000 -0.265000 0.362560
114000 0.182500 0.363750 0.545000 -0.272500 0.275460
115000 0.180000 0.360000 0.540000 -0.280000 0.248825
116000 0.187500 0.366250 0.545000 -0.267500 0.326920
117000 0.187500 0.367500 0.547500 -0.265000 0.293971
118000 0.187500 0.367500 0.547500 -0.265000 0.360599
119000 0.190000 0.371250 0.552500 -0.257500 0.266993
120000 0.192500 0.373750 0.555000 -0.252500 0.344149
121000 0.192500 0.375000 0.557500 -0.250000 0.264357
122000 0.187500 0.370000 0.552500 -0.260000 0.348851
123000 0.187500 0.370000 0.552500 -0.260000 0.206986
124000 0.187500 0.370000 0.552500 -0.260000 0.284011
125000 0.185000 0.368750 0.552500 -0.262500 0.231494
126000 0.182500 0.365000 0.547500 -0.270000 0.276868
127000 0.182500 0.365000 0.547500 -0.270000 0.313522
128000 0.180000 0.363750 0.547500 -0.272500 0.306550
129000 0.177500 0.360000 0.542500 -0.280000 0.265903
130000 0.180000 0.365000 0.550000 -0.270000 0.318560
131000 0.180000 0.365000 0.550000 -0.270000 0.227939
132000 0.180000 0.365000 0.550000 -0.270000 0.244133
133000 0.177500 0.362500 0.547500 -0.275000 0.208996
134000 0.180000 0.363750 0.547500 -0.272500 0.332835
135000 0.180000 0.365000 0.550000 -0.270000 0.296533
136000 0.177500 0.362500 0.547500 -0.275000 0.263448
137000 0.177500 0.363750 0.550000 -0.272500 0.218403
138000 0.177500 0.363750 0.550000 -0.272500 0.276674
139000 0.182500 0.367500 0.552500 -0.265000 0.373665
140000 0.182500 0.366250 0.550000 -0.267500 0.260231
141000 0.180000 0.362500 0.545000 -0.275000 0.284028
142000 0.177500 0.360000 0.542500 -0.280000 0.338649
143000 0.172500 0.356250 0.540000 -0.287500 0.232236
144000 0.170000 0.352500 0.535000 -0.295000 0.261130
145000 0.172500 0.355000 0.537500 -0.290000 0.283567
146000 0.170000 0.351250 0.532500 -0.297500 0.197785
147000 0.167500 0.353750 0.540000 -0.292500 0.279068
148000 0.170000 0.358750 0.547500 -0.282500 0.222419
149000 0.167500 0.356250 0.545000 -0.287500 0.258992
150000 0.167500 0.356250 0.545000 -0.287500 0.266935
151000 0.172500 0.358750 0.545000 -0.282500 0.286463
152000 0.177500 0.362500 0.547500 -0.275000 0.251951
153000 0.177500 0.363750 0.550000 -0.272500 0.263307
154000 0.177500 0.362500 0.547500 -0.275000 0.236700
155000 0.175000 0.363750 0.552500 -0.272500 0.257214
156000 0.175000 0.362500 0.550000 -0.275000 0.256340
157000 0.177500 0.363750 0.550000 -0.272500 0.228462
158000 0.177500 0.365000 0.552500 -0.270000 0.246616
159000 0.180000 0.367500 0.555000 -0.265000 0.269204
160000 0.180000 0.366250 0.552500 -0.267500 0.222764
161000 0.180000 0.365000 0.550000 -0.270000 0.256082
162000 0.180000 0.365000 0.550000 -0.270000 0.263846
163000 0.185000 0.368750 0.552500 -0.262500 0.190595
164000 0.185000 0.370000 0.555000 -0.260000 0.304024
165000 0.187500 0.370000 0.552500 -0.260000 0.329890
166000 0.192500 0.376250 0.560000 -0.247500 0.275446
167000 0.190000 0.373750 0.557500 -0.252500 0.325111
168000 0.190000 0.375000 0.560000 -0.250000 0.294568
169000 0.192500 0.377500 0.562500 -0.245000 0.297435
170000 0.192500 0.378750 0.565000 -0.242500 0.278175
171000 0.190000 0.377500 0.565000 -0.245000 0.275440
172000 0.187500 0.376250 0.565000 -0.247500 0.242307
173000 0.185000 0.375000 0.565000 -0.250000 0.176426
174000 0.182500 0.375000 0.567500 -0.250000 0.319481
175000 0.182500 0.376250 0.570000 -0.247500 0.275056
176000 0.177500 0.373750 0.570000 -0.252500 0.175069
177000 0.177500 0.373750 0.570000 -0.252500 0.274514
178000 0.177500 0.371250 0.565000 -0.257500 0.233456
179000 0.180000 0.372500 0.565000 -0.255000 0.219789
180000 0.175000 0.368750 0.562500 -0.262500 0.218616
181000 0.175000 0.367500 0.560000 -0.265000 0.302996
182000 0.177500 0.372500 0.567500 -0.255000 0.259111
183000 0.177500 0.371250 0.565000 -0.257500 0.202438
184000 0.177500 0.371250 0.565000 -0.257500 0.200399
185000 0.177500 0.371250 0.565000 -0.257500 0.176209
186000 0.177500 0.370000 0.562500 -0.260000 0.300832
187000 0.175000 0.367500 0.560000 -0.265000 0.277272
188000 0.175000 0.370000 0.565000 -0.260000 0.186239
189000 0.175000 0.370000 0.565000 -0.260000 0.260790
190000 0.175000 0.370000 0.565000 -0.260000 0.280146
191000 0.177500 0.370000 0.562500 -0.260000 0.183154
192000 0.172500 0.367500 0.562500 -0.265000 0.239721
193000 0.172500 0.367500 0.562500 -0.265000 0.228195
194000 0.170000 0.362500 0.555000 -0.275000 0.199264
195000 0.172500 0.367500 0.562500 -0.265000 0.231004
196000 0.172500 0.367500 0.562500 -0.265000 0.300625
197000 0.170000 0.365000 0.560000 -0.270000 0.190457
198000 0.172500 0.367500 0.562500 -0.265000 0.305395
199000 0.172500 0.366250 0.560000 -0.267500 0.243465
200000 0.175000 0.368750 0.562500 -0.262500 0.239571
201000 0.175000 0.368750 0.562500 -0.262500 0.323455
202000 0.175000 0.372500 0.570000 -0.255000 0.245188
203000 0.177500 0.376250 0.575000 -0.247500 0.205361
204000 0.175000 0.372500 0.570000 -0.255000 0.297044
205000 0.177500 0.373750 0.570000 -0.252500 0.201391
206000 0.175000 0.368750 0.562500 -0.262500 0.281668
207000 0.175000 0.367500 0.560000 -0.265000 0.194254
208000 0.177500 0.370000 0.562500 -0.260000 0.188234
209000 0.177500 0.368750 0.560000 -0.262500 0.186040
210000 0.180000 0.371250 0.562500 -0.257500 0.207870
211000 0.180000 0.371250 0.562500 -0.257500 0.247572
212000 0.177500 0.368750 0.560000 -0.262500 0.257583
213000 0.180000 0.371250 0.562500 -0.257500 0.240815
214000 0.182500 0.371250 0.560000 -0.257500 0.260205
215000 0.182500 0.372500 0.562500 -0.255000 0.243044
216000 0.190000 0.380000 0.570000 -0.240000 0.208335
217000 0.185000 0.376250 0.567500 -0.247500 0.232577
218000 0.185000 0.376250 0.567500 -0.247500 0.299497
219000 0.190000 0.381250 0.572500 -0.237500 0.144328
220000 0.190000 0.383750 0.577500 -0.232500 0.172196
221000 0.190000 0.383750 0.577500 -0.232500 0.293706
222000 0.190000 0.385000 0.580000 -0.230000 0.241285
223000 0.192500 0.387500 0.582500 -0.225000 0.283697
224000 0.192500 0.388750 0.585000 -0.222500 0.291527
225000 0.192500 0.387500 0.582500 -0.225000 0.348729
226000 0.195000 0.388750 0.582500 -0.222500 0.207354
227000 0.195000 0.388750 0.582500 -0.222500 0.228650
228000 0.192500 0.387500 0.582500 -0.225000 0.277629
229000 0.195000 0.390000 0.585000 -0.220000 0.220082
230000 0.197500 0.395000 0.592500 -0.210000 0.321927
231000 0.200000 0.396250 0.592500 -0.207500 0.186185
232000 0.197500 0.393750 0.590000 -0.212500 0.167276
233000 0.197500 0.395000 0.592500 -0.210000 0.202954
234000 0.197500 0.395000 0.592500 -0.210000 0.245012
235000 0.197500 0.395000 0.592500 -0.210000 0.223485
236000 0.197500 0.395000 0.592500 -0.210000 0.148577
237000 0.197500 0.391250 0.585000 -0.217500 0.161556
238000 0.192500 0.390000 0.587500 -0.220000 0.244022
239000 0.195000 0.392500 0.590000 -0.215000 0.304373
240000 0.195000 0.392500 0.590000 -0.215000 0.264197
241000 0.195000 0.392500 0.590000 -0.215000 0.273198
242000 0.197500 0.392500 0.587500 -0.215000 0.174273
243000 0.197500 0.391250 0.585000 -0.217500 0.125649
244000 0.200000 0.391250 0.582500 -0.217500 0.272642
245000 0.197500 0.388750 0.580000 -0.222500 0.168258
246000 0.197500 0.388750 0.580000 -0.222500 0.194046
247000 0.195000 0.390000 0.585000 -0.220000 0.162980
248000 0.197500 0.391250 0.585000 -0.217500 0.255728
249000 0.197500 0.392500 0.587500 -0.215000 0.227765
250000 0.190000 0.386250 0.582500 -0.227500 0.177390
251000 0.192500 0.387500 0.582500 -0.225000 0.204369
252000 0.190000 0.383750 0.577500 -0.232500 0.138560
253000 0.190000 0.383750 0.577500 -0.232500 0.201812
254000 0.187500 0.381250 0.575000 -0.237500 0.199204
255000 0.182500 0.378750 0.575000 -0.242500 0.299031
256000 0.182500 0.378750 0.575000 -0.242500 0.220029
257000 0.185000 0.382500 0.580000 -0.235000 0.188005
258000 0.185000 0.385000 0.585000 -0.230000 0.218276
259000 0.185000 0.386250 0.587500 -0.227500 0.241145
260000 0.185000 0.387500 0.590000 -0.225000 0.133998
261000 0.185000 0.388750 0.592500 -0.222500 0.225125
262000 0.185000 0.388750 0.592500 -0.222500 0.176218
263000 0.185000 0.391250 0.597500 -0.217500 0.158053
264000 0.187500 0.396250 0.605000 -0.207500 0.209957
265000 0.187500 0.395000 0.602500 -0.210000 0.239317
266000 0.190000 0.398750 0.607500 -0.202500 0.280446
267000 0.190000 0.398750 0.607500 -0.202500 0.249436
268000 0.195000 0.402500 0.610000 -0.195000 0.164277
269000 0.195000 0.403750 0.612500 -0.192500 0.141695
270000 0.192500 0.402500 0.612500 -0.195000 0.151575
271000 0.192500 0.400000 0.607500 -0.200000 0.149374
272000 0.190000 0.400000 0.610000 -0.200000 0.157806
273000 0.187500 0.396250 0.605000 -0.207500 0.173730
274000 0.187500 0.396250 0.605000 -0.207500 0.240417
275000 0.190000 0.396250 0.602500 -0.207500 0.173329
276000 0.187500 0.395000 0.602500 -0.210000 0.222804
277000 0.185000 0.393750 0.602500 -0.212500 0.133872
278000 0.187500 0.397500 0.607500 -0.205000 0.194648
279000 0.187500 0.398750 0.610000 -0.202500 0.186568
280000 0.192500 0.406250 0.620000 -0.187500 0.203870
281000 0.192500 0.407500 0.622500 -0.185000 0.161392
282000 0.195000 0.408750 0.622500 -0.182500 0.181555
283000 0.192500 0.406250 0.620000 -0.187500 0.222334
284000 0.192500 0.405000 0.617500 -0.190000 0.212276
285000 0.195000 0.406250 0.617500 -0.187500 0.223261
286000 0.197500 0.408750 0.620000 -0.182500 0.162125
287000 0.197500 0.408750 0.620000 -0.182500 0.239846
288000 0.195000 0.408750 0.622500 -0.182500 0.209867
289000 0.192500 0.406250 0.620000 -0.187500 0.150147
290000 0.190000 0.406250 0.622500 -0.187500 0.158935
291000 0.185000 0.401250 0.617500 -0.197500 0.178538
292000 0.185000 0.401250 0.617500 -0.197500 0.192608
293000 0.185000 0.401250 0.617500 -0.197500 0.158108
294000 0.187500 0.402500 0.617500 -0.195000 0.125333
295000 0.190000 0.401250 0.612500 -0.197500 0.111536
296000 0.192500 0.403750 0.615000 -0.192500 0.234350
297000 0.192500 0.403750 0.615000 -0.192500 0.210865
298000 0.192500 0.403750 0.615000 -0.192500 0.102859
299000 0.192500 0.403750 0.615000 -0.192500 0.087485
300000 0.192500 0.405000 0.617500 -0.190000 0.129224
301000 0.192500 0.405000 0.617500 -0.190000 0.180707
302000 0.195000 0.407500 0.620000 -0.185000 0.091503
303000 0.192500 0.406250 0.620000 -0.187500 0.265140
304000 0.190000 0.405000 0.620000 -0.190000 0.210837
305000 0.190000 0.406250 0.622500 -0.187500 0.131489
306000 0.187500 0.401250 0.615000 -0.197500 0.154320
307000 0.185000 0.401250 0.617500 -0.197500 0.125595
308000 0.190000 0.405000 0.620000 -0.190000 0.190939
309000 0.190000 0.405000 0.620000 -0.190000 0.178445
310000 0.187500 0.401250 0.615000 -0.197500 0.217838
311000 0.185000 0.397500 0.610000 -0.205000 0.077789
312000 0.185000 0.398750 0.612500 -0.202500 0.195662
313000 0.185000 0.397500 0.610000 -0.205000 0.087281
314000 0.190000 0.402500 0.615000 -0.195000 0.097094
315000 0.190000 0.402500 0.615000 -0.195000 0.186373
316000 0.190000 0.401250 0.612500 -0.197500 0.128891
317000 0.192500 0.400000 0.607500 -0.200000 0.215031
318000 0.190000 0.398750 0.607500 -0.202500 0.005628
319000 0.187500 0.397500 0.607500 -0.205000 0.234657
320000 0.190000 0.402500 0.615000 -0.195000 0.144563
321000 0.190000 0.403750 0.617500 -0.192500 0.163358
322000 0.187500 0.403750 0.620000 -0.192500 0.121938
323000 0.187500 0.403750 0.620000 -0.192500 0.089402
324000 0.187500 0.403750 0.620000 -0.192500 0.196637
325000 0.185000 0.400000 0.615000 -0.200000 0.140737
326000 0.185000 0.400000 0.615000 -0.200000 0.159734
327000 0.190000 0.403750 0.617500 -0.192500 0.131523
328000 0.197500 0.411250 0.625000 -0.177500 0.112062
329000 0.200000 0.413750 0.627500 -0.172500 0.159048
330000 0.200000 0.415000 0.630000 -0.170000 0.176922
331000 0.202500 0.415000 0.627500 -0.170000 0.163546
332000 0.200000 0.412500 0.625000 -0.175000 0.151728
333000 0.200000 0.413750 0.627500 -0.172500 0.223472
334000 0.200000 0.413750 0.627500 -0.172500 0.203003
335000 0.202500 0.416250 0.630000 -0.167500 0.145952
336000 0.202500 0.420000 0.637500 -0.160000 0.165638
337000 0.202500 0.420000 0.637500 -0.160000 0.162931
338000 0.202500 0.420000 0.637500 -0.160000 0.216599
339000 0.202500 0.421250 0.640000 -0.157500 0.112789
340000 0.200000 0.420000 0.640000 -0.160000 0.165253
341000 0.200000 0.418750 0.637500 -0.162500 0.093367
342000 0.200000 0.418750 0.637500 -0.162500 0.178193
343000 0.205000 0.422500 0.640000 -0.155000 0.243817
344000 0.202500 0.422500 0.642500 -0.155000 0.188769
345000 0.205000 0.425000 0.645000 -0.150000 0.180013
346000 0.210000 0.431250 0.652500 -0.137500 0.122443
347000 0.207500 0.428750 0.650000 -0.142500 0.173530
348000 0.207500 0.430000 0.652500 -0.140000 0.150459
349000 0.207500 0.430000 0.652500 -0.140000 0.213762
350000 0.210000 0.431250 0.652500 -0.137500 0.149658
351000 0.207500 0.431250 0.655000 -0.137500 0.111840
352000 0.205000 0.428750 0.652500 -0.142500 0.098359
353000 0.205000 0.431250 0.657500 -0.137500 0.177814
354000 0.205000 0.432500 0.660000 -0.135000 0.208913
355000 0.202500 0.431250 0.660000 -0.137500 0.198766
356000 0.202500 0.430000 0.657500 -0.140000 0.153758
357000 0.202500 0.430000 0.657500 -0.140000 0.157565
358000 0.200000 0.428750 0.657500 -0.142500 0.111274
359000 0.200000 0.430000 0.660000 -0.140000 0.191296
360000 0.200000 0.430000 0.660000 -0.140000 0.166333
361000 0.197500 0.428750 0.660000 -0.142500 0.093054
362000 0.195000 0.428750 0.662500 -0.142500 0.101693
363000 0.195000 0.428750 0.662500 -0.142500 0.173043
364000 0.195000 0.428750 0.662500 -0.142500 0.148667
365000 0.195000 0.427500 0.660000 -0.145000 0.151953
366000 0.195000 0.427500 0.660000 -0.145000 0.197297
367000 0.195000 0.427500 0.660000 -0.145000 0.075501
368000 0.197500 0.428750 0.660000 -0.142500 0.227789
369000 0.197500 0.428750 0.660000 -0.142500 0.111567
370000 0.197500 0.430000 0.662500 -0.140000 0.179822
371000 0.197500 0.430000 0.662500 -0.140000 0.188524
372000 0.200000 0.431250 0.662500 -0.137500 0.205329
373000 0.200000 0.430000 0.660000 -0.140000 0.174040
374000 0.200000 0.428750 0.657500 -0.142500 0.108716
375000 0.202500 0.431250 0.660000 -0.137500 0.109965
376000 0.202500 0.427500 0.652500 -0.145000 0.130188
377000 0.202500 0.428750 0.655000 -0.142500 0.083319
378000 0.205000 0.431250 0.657500 -0.137500 0.155970
379000 0.205000 0.431250 0.657500 -0.137500 0.145925
380000 0.210000 0.436250 0.662500 -0.127500 0.170887
381000 0.207500 0.435000 0.662500 -0.130000 0.126266
382000 0.205000 0.435000 0.665000 -0.130000 0.120324
383000 0.210000 0.437500 0.665000 -0.125000 0.144542
384000 0.207500 0.435000 0.662500 -0.130000 0.143601
385000 0.207500 0.436250 0.665000 -0.127500 0.117482
386000 0.210000 0.438750 0.667500 -0.122500 0.199042
387000 0.207500 0.437500 0.667500 -0.125000 0.107860
388000 0.207500 0.437500 0.667500 -0.125000 0.150536
389000 0.207500 0.440000 0.672500 -0.120000 0.140418
390000 0.207500 0.440000 0.672500 -0.120000 0.110805
391000 0.207500 0.441250 0.675000 -0.117500 0.177699
392000 0.207500 0.441250 0.675000 -0.117500 0.172825
393000 0.207500 0.442500 0.677500 -0.115000 0.162687
394000 0.207500 0.443750 0.680000 -0.112500 0.120429
395000 0.207500 0.443750 0.680000 -0.112500 0.162772
396000 0.207500 0.443750 0.680000 -0.112500 0.103121
397000 0.207500 0.446250 0.685000 -0.107500 0.102726
398000 0.207500 0.446250 0.685000 -0.107500 0.151020
399000 0.207500 0.448750 0.690000 -0.102500 0.063190
400000 0.210000 0.448750 0.687500 -0.102500 0.148291
401000 0.212500 0.447500 0.682500 -0.105000 0.120514
402000 0.215000 0.448750 0.682500 -0.102500 0.162305
403000 0.215000 0.450000 0.685000 -0.100000 0.186932
404000 0.217500 0.450000 0.682500 -0.100000 0.066488
405000 0.220000 0.451250 0.682500 -0.097500 0.116357
406000 0.220000 0.451250 0.682500 -0.097500 0.227530
407000 0.222500 0.451250 0.680000 -0.097500 0.153933
408000 0.220000 0.450000 0.680000 -0.100000 0.128657
409000 0.225000 0.453750 0.682500 -0.092500 0.099837
410000 0.222500 0.451250 0.680000 -0.097500 0.153125
411000 0.225000 0.452500 0.680000 -0.095000 0.174836
412000 0.220000 0.450000 0.680000 -0.100000 0.224225
413000 0.220000 0.450000 0.680000 -0.100000 0.192834
414000 0.220000 0.450000 0.680000 -0.100000 0.107608
415000 0.222500 0.453750 0.685000 -0.092500 0.142635
416000 0.222500 0.455000 0.687500 -0.090000 0.064829
417000 0.225000 0.458750 0.692500 -0.082500 0.083748
418000 0.225000 0.458750 0.692500 -0.082500 0.125074
419000 0.222500 0.458750 0.695000 -0.082500 0.190006
420000 0.222500 0.458750 0.695000 -0.082500 0.148013
421000 0.225000 0.462500 0.700000 -0.075000 0.184356
422000 0.225000 0.463750 0.702500 -0.072500 0.141014
423000 0.227500 0.465000 0.702500 -0.070000 0.154156
424000 0.225000 0.462500 0.700000 -0.075000 0.158645
425000 0.225000 0.465000 0.705000 -0.070000 0.140305
426000 0.227500 0.467500 0.707500 -0.065000 0.193094
427000 0.230000 0.471250 0.712500 -0.057500 0.171549
428000 0.232500 0.473750 0.715000 -0.052500 0.171349
429000 0.232500 0.472500 0.712500 -0.055000 0.112810
430000 0.230000 0.471250 0.712500 -0.057500 0.183388
431000 0.232500 0.472500 0.712500 -0.055000 0.139072
432000 0.237500 0.477500 0.717500 -0.045000 0.151454
433000 0.240000 0.480000 0.720000 -0.040000 0.223654
434000 0.237500 0.478750 0.720000 -0.042500 0.094729
435000 0.240000 0.480000 0.720000 -0.040000 0.155133
436000 0.242500 0.480000 0.717500 -0.040000 0.190022
437000 0.242500 0.482500 0.722500 -0.035000 0.190932
438000 0.247500 0.487500 0.727500 -0.025000 0.142145
439000 0.247500 0.488750 0.730000 -0.022500 0.203110
440000 0.242500 0.487500 0.732500 -0.025000 0.240930
441000 0.245000 0.490000 0.735000 -0.020000 0.185062
442000 0.247500 0.495000 0.742500 -0.010000 0.257580
443000 0.252500 0.498750 0.745000 -0.002500 0.132734
444000 0.252500 0.501250 0.750000 0.002500 0.208486
445000 0.250000 0.498750 0.747500 -0.002500 0.225411
446000 0.250000 0.498750 0.747500 -0.002500 0.155629
447000 0.252500 0.500000 0.747500 0.000000 0.246312
448000 0.255000 0.503750 0.752500 0.007500 0.182586
449000 0.255000 0.503750 0.752500 0.007500 0.152753
450000 0.257500 0.505000 0.752500 0.010000 0.228399
451000 0.257500 0.505000 0.752500 0.010000 0.223903
452000 0.260000 0.507500 0.755000 0.015000 0.274911
453000 0.262500 0.511250 0.760000 0.022500 0.211866
454000 0.265000 0.512500 0.760000 0.025000 0.147026
455000 0.265000 0.511250 0.757500 0.022500 0.187270
456000 0.262500 0.508750 0.755000 0.017500 0.148431
457000 0.265000 0.511250 0.757500 0.022500 0.232578
458000 0.262500 0.512500 0.762500 0.025000 0.261367
459000 0.265000 0.513750 0.762500 0.027500 0.161152
460000 0.267500 0.515000 0.762500 0.030000 0.192021
461000 0.267500 0.513750 0.760000 0.027500 0.221974
462000 0.270000 0.515000 0.760000 0.030000 0.208671
463000 0.275000 0.518750 0.762500 0.037500 0.225631
464000 0.275000 0.521250 0.767500 0.042500 0.262537
465000 0.275000 0.520000 0.765000 0.040000 0.197306
466000 0.275000 0.520000 0.765000 0.040000 0.187295
467000 0.277500 0.522500 0.767500 0.045000 0.096271
468000 0.275000 0.520000 0.765000 0.040000 0.160835
469000 0.275000 0.520000 0.765000 0.040000 0.226528
470000 0.277500 0.522500 0.767500 0.045000 0.177148
471000 0.280000 0.525000 0.770000 0.050000 0.257369
472000 0.282500 0.527500 0.772500 0.055000 0.135867
473000 0.285000 0.528750 0.772500 0.057500 0.219495
474000 0.285000 0.528750 0.772500 0.057500 0.264084
475000 0.285000 0.530000 0.775000 0.060000 0.255386
476000 0.285000 0.528750 0.772500 0.057500 0.219556
477000 0.287500 0.528750 0.770000 0.057500 0.224978
478000 0.285000 0.528750 0.772500 0.057500 0.184666
479000 0.285000 0.528750 0.772500 0.057500 0.184929
480000 0.285000 0.530000 0.775000 0.060000 0.192171
481000 0.285000 0.530000 0.775000 0.060000 0.201407
482000 0.285000 0.530000 0.775000 0.060000 0.083221
483000 0.280000 0.528750 0.777500 0.057500 0.229615
484000 0.280000 0.528750 0.777500 0.057500 0.184973
485000 0.277500 0.526250 0.775000 0.052500 0.165009
486000 0.277500 0.526250 0.775000 0.052500 0.196077
487000 0.277500 0.527500 0.777500 0.055000 0.192245
488000 0.280000 0.527500 0.775000 0.055000 0.201707
489000 0.292500 0.537500 0.782500 0.075000 0.206226
490000 0.292500 0.537500 0.782500 0.075000 0.194906
491000 0.290000 0.535000 0.780000 0.070000 0.183465
492000 0.292500 0.537500 0.782500 0.075000 0.184172
493000 0.295000 0.538750 0.782500 0.077500 0.113839
494000 0.295000 0.537500 0.780000 0.075000 0.188780
495000 0.295000 0.537500 0.780000 0.075000 0.187631
496000 0.297500 0.540000 0.782500 0.080000 0.176709
497000 0.297500 0.538750 0.780000 0.077500 0.134975
498000 0.297500 0.538750 0.780000 0.077500 0.145320
499000 0.300000 0.541250 0.782500 0.082500 0.197777
500000 0.300000 0.543750 0.787500 0.087500 0.186493
501000 0.300000 0.543750 0.787500 0.087500 0.155625
502000 0.305000 0.545000 0.785000 0.090000 0.242741
503000 0.307500 0.547500 0.787500 0.095000 0.193321
504000 0.307500 0.548750 0.790000 0.097500 0.181782
505000 0.307500 0.547500 0.787500 0.095000 0.224535
506000 0.307500 0.547500 0.787500 0.095000 0.185867
507000 0.305000 0.546250 0.787500 0.092500 0.150688
508000 0.305000 0.547500 0.790000 0.095000 0.149057
509000 0.302500 0.547500 0.792500 0.095000 0.159766
510000 0.302500 0.548750 0.795000 0.097500 0.161962
511000 0.305000 0.552500 0.800000 0.105000 0.153382
512000 0.305000 0.553750 0.802500 0.107500 0.135810
513000 0.305000 0.553750 0.802500 0.107500 0.091451
514000 0.305000 0.552500 0.800000 0.105000 0.187335
515000 0.310000 0.558750 0.807500 0.117500 0.180480
516000 0.312500 0.561250 0.810000 0.122500 0.206435
517000 0.312500 0.560000 0.807500 0.120000 0.188397
518000 0.315000 0.561250 0.807500 0.122500 0.198839
519000 0.317500 0.563750 0.810000 0.127500 0.173817
520000 0.317500 0.566250 0.815000 0.132500 0.130898
521000 0.327500 0.572500 0.817500 0.145000 0.184632
522000 0.325000 0.571250 0.817500 0.142500 0.161199
523000 0.327500 0.572500 0.817500 0.145000 0.155363
524000 0.330000 0.575000 0.820000 0.150000 0.158866
525000 0.332500 0.576250 0.820000 0.152500 0.186109
526000 0.335000 0.577500 0.820000 0.155000 0.191397
527000 0.332500 0.576250 0.820000 0.152500 0.122330
528000 0.332500 0.575000 0.817500 0.150000 0.161438
529000 0.335000 0.576250 0.817500 0.152500 0.154474
530000 0.337500 0.578750 0.820000 0.157500 0.218811
531000 0.340000 0.582500 0.825000 0.165000 0.147995
532000 0.342500 0.583750 0.825000 0.167500 0.214027
533000 0.342500 0.583750 0.825000 0.167500 0.162940
534000 0.342500 0.582500 0.822500 0.165000 0.118860
535000 0.345000 0.585000 0.825000 0.170000 0.132641
536000 0.345000 0.585000 0.825000 0.170000 0.150926
537000 0.345000 0.583750 0.822500 0.167500 0.146931
538000 0.342500 0.582500 0.822500 0.165000 0.154643
539000 0.337500 0.580000 0.822500 0.160000 0.150697
540000 0.337500 0.580000 0.822500 0.160000 0.170379
541000 0.335000 0.578750 0.822500 0.157500 0.131526
542000 0.335000 0.580000 0.825000 0.160000 0.165405
543000 0.337500 0.581250 0.825000 0.162500 0.119105
544000 0.337500 0.581250 0.825000 0.162500 0.151427
545000 0.337500 0.581250 0.825000 0.162500 0.140829
546000 0.337500 0.582500 0.827500 0.165000 0.135386
547000 0.335000 0.580000 0.825000 0.160000 0.185658
548000 0.332500 0.577500 0.822500 0.155000 0.123865
549000 0.332500 0.575000 0.817500 0.150000 0.148750
550000 0.330000 0.572500 0.815000 0.145000 0.177014
551000 0.335000 0.576250 0.817500 0.152500 0.147077
552000 0.342500 0.580000 0.817500 0.160000 0.182716
553000 0.342500 0.578750 0.815000 0.157500 0.173819
554000 0.345000 0.581250 0.817500 0.162500 0.101735
555000 0.342500 0.580000 0.817500 0.160000 0.186354
556000 0.345000 0.581250 0.817500 0.162500 0.137799
557000 0.347500 0.582500 0.817500 0.165000 0.162156
558000 0.345000 0.582500 0.820000 0.165000 0.141240
559000 0.342500 0.580000 0.817500 0.160000 0.132656
560000 0.342500 0.581250 0.820000 0.162500 0.167717
561000 0.342500 0.580000 0.817500 0.160000 0.171780
562000 0.345000 0.582500 0.820000 0.165000 0.147924
563000 0.345000 0.582500 0.820000 0.165000 0.149747
564000 0.340000 0.582500 0.825000 0.165000 0.165826
565000 0.340000 0.582500 0.825000 0.165000 0.163254
566000 0.340000 0.582500 0.825000 0.165000 0.152947
567000 0.337500 0.581250 0.825000 0.162500 0.152856
568000 0.335000 0.581250 0.827500 0.162500 0.161311
569000 0.335000 0.580000 0.825000 0.160000 0.167137
570000 0.332500 0.578750 0.825000 0.157500 0.135055
571000 0.335000 0.580000 0.825000 0.160000 0.167187
572000 0.332500 0.577500 0.822500 0.155000 0.145270
573000 0.330000 0.575000 0.820000 0.150000 0.104025
574000 0.327500 0.573750 0.820000 0.147500 0.188192
575000 0.325000 0.572500 0.820000 0.145000 0.117749
576000 0.335000 0.577500 0.820000 0.155000 0.121458
577000 0.335000 0.576250 0.817500 0.152500 0.138280
578000 0.335000 0.576250 0.817500 0.152500 0.171971
579000 0.335000 0.576250 0.817500 0.152500 0.178721
580000 0.335000 0.577500 0.820000 0.155000 0.193097
581000 0.337500 0.578750 0.820000 0.157500 0.167909
582000 0.337500 0.578750 0.820000 0.157500 0.226522
583000 0.340000 0.578750 0.817500 0.157500 0.193881
584000 0.342500 0.581250 0.820000 0.162500 0.121103
585000 0.340000 0.580000 0.820000 0.160000 0.185322
586000 0.337500 0.580000 0.822500 0.160000 0.196925
587000 0.342500 0.583750 0.825000 0.167500 0.153615
588000 0.342500 0.582500 0.822500 0.165000 0.169939
589000 0.345000 0.583750 0.822500 0.167500 0.252061
590000 0.347500 0.587500 0.827500 0.175000 0.198456
591000 0.347500 0.587500 0.827500 0.175000 0.224750
592000 0.350000 0.590000 0.830000 0.180000 0.200975
593000 0.352500 0.591250 0.830000 0.182500 0.187749
594000 0.355000 0.592500 0.830000 0.185000 0.187946
595000 0.355000 0.593750 0.832500 0.187500 0.181503
596000 0.355000 0.595000 0.835000 0.190000 0.207269
597000 0.357500 0.596250 0.835000 0.192500 0.182385
598000 0.357500 0.592500 0.827500 0.185000 0.140485
599000 0.357500 0.593750 0.830000 0.187500 0.264399
600000 0.357500 0.595000 0.832500 0.190000 0.190341
601000 0.355000 0.593750 0.832500 0.187500 0.209855
602000 0.360000 0.597500 0.835000 0.195000 0.187406
603000 0.357500 0.596250 0.835000 0.192500 0.136900
604000 0.362500 0.600000 0.837500 0.200000 0.167389
605000 0.365000 0.601250 0.837500 0.202500 0.202501
606000 0.360000 0.598750 0.837500 0.197500 0.242672
607000 0.357500 0.597500 0.837500 0.195000 0.182520
608000 0.360000 0.600000 0.840000 0.200000 0.190708
609000 0.360000 0.600000 0.840000 0.200000 0.183742
610000 0.362500 0.602500 0.842500 0.205000 0.143977
611000 0.365000 0.605000 0.845000 0.210000 0.188209
612000 0.362500 0.603750 0.845000 0.207500 0.215305
613000 0.365000 0.605000 0.845000 0.210000 0.203149
614000 0.365000 0.605000 0.845000 0.210000 0.179083
615000 0.365000 0.605000 0.845000 0.210000 0.212592
616000 0.365000 0.606250 0.847500 0.212500 0.151023
617000 0.365000 0.606250 0.847500 0.212500 0.200383
618000 0.370000 0.610000 0.850000 0.220000 0.167278
619000 0.375000 0.613750 0.852500 0.227500 0.264432
620000 0.375000 0.612500 0.850000 0.225000 0.155555
621000 0.377500 0.615000 0.852500 0.230000 0.213843
622000 0.377500 0.615000 0.852500 0.230000 0.200586
623000 0.375000 0.612500 0.850000 0.225000 0.239476
624000 0.370000 0.610000 0.850000 0.220000 0.221837
625000 0.372500 0.612500 0.852500 0.225000 0.251930
626000 0.375000 0.615000 0.855000 0.230000 0.156827
627000 0.372500 0.613750 0.855000 0.227500 0.192125
628000 0.367500 0.610000 0.852500 0.220000 0.266974
629000 0.367500 0.612500 0.857500 0.225000 0.178490
630000 0.370000 0.615000 0.860000 0.230000 0.211100
631000 0.370000 0.615000 0.860000 0.230000 0.216865
632000 0.372500 0.617500 0.862500 0.235000 0.225028
633000 0.372500 0.617500 0.862500 0.235000 0.213778
634000 0.375000 0.620000 0.865000 0.240000 0.174468
635000 0.375000 0.620000 0.865000 0.240000 0.173151
636000 0.370000 0.618750 0.867500 0.237500 0.157748
637000 0.367500 0.618750 0.870000 0.237500 0.193556
638000 0.370000 0.620000 0.870000 0.240000 0.218596
639000 0.372500 0.622500 0.872500 0.245000 0.214651
640000 0.380000 0.626250 0.872500 0.252500 0.229997
641000 0.387500 0.628750 0.870000 0.257500 0.185054
642000 0.392500 0.631250 0.870000 0.262500 0.157654
643000 0.400000 0.635000 0.870000 0.270000 0.207707
644000 0.400000 0.635000 0.870000 0.270000 0.170195
645000 0.400000 0.635000 0.870000 0.270000 0.192625
646000 0.402500 0.638750 0.875000 0.277500 0.214488
647000 0.402500 0.638750 0.875000 0.277500 0.228169
648000 0.402500 0.638750 0.875000 0.277500 0.200363
649000 0.400000 0.637500 0.875000 0.275000 0.229481
650000 0.400000 0.638750 0.877500 0.277500 0.194905
651000 0.397500 0.637500 0.877500 0.275000 0.214789
652000 0.397500 0.636250 0.875000 0.272500 0.234780
653000 0.390000 0.632500 0.875000 0.265000 0.290078
654000 0.387500 0.632500 0.877500 0.265000 0.269327
655000 0.392500 0.636250 0.880000 0.272500 0.158813
656000 0.395000 0.637500 0.880000 0.275000 0.212980
657000 0.395000 0.638750 0.882500 0.277500 0.267034
658000 0.395000 0.640000 0.885000 0.280000 0.172918
659000 0.402500 0.643750 0.885000 0.287500 0.258354
660000 0.405000 0.645000 0.885000 0.290000 0.236214
661000 0.410000 0.647500 0.885000 0.295000 0.209117
662000 0.412500 0.648750 0.885000 0.297500 0.255495
663000 0.415000 0.652500 0.890000 0.305000 0.222305
664000 0.417500 0.653750 0.890000 0.307500 0.179969
665000 0.422500 0.657500 0.892500 0.315000 0.220494
666000 0.425000 0.658750 0.892500 0.317500 0.233789
667000 0.435000 0.667500 0.900000 0.335000 0.235360
668000 0.435000 0.666250 0.897500 0.332500 0.238359
669000 0.437500 0.667500 0.897500 0.335000 0.213128
670000 0.437500 0.667500 0.897500 0.335000 0.240727
671000 0.435000 0.666250 0.897500 0.332500 0.211174
672000 0.432500 0.665000 0.897500 0.330000 0.195342
673000 0.432500 0.663750 0.895000 0.327500 0.190967
674000 0.437500 0.667500 0.897500 0.335000 0.230374
675000 0.442500 0.672500 0.902500 0.345000 0.200056
676000 0.447500 0.677500 0.907500 0.355000 0.244893
677000 0.447500 0.680000 0.912500 0.360000 0.253032
678000 0.450000 0.681250 0.912500 0.362500 0.179636
679000 0.442500 0.676250 0.910000 0.352500 0.262673
680000 0.447500 0.680000 0.912500 0.360000 0.210263
681000 0.452500 0.682500 0.912500 0.365000 0.215012
682000 0.452500 0.682500 0.912500 0.365000 0.232158
683000 0.455000 0.683750 0.912500 0.367500 0.232234
684000 0.452500 0.682500 0.912500 0.365000 0.186332
685000 0.457500 0.686250 0.915000 0.372500 0.224081
686000 0.460000 0.688750 0.917500 0.377500 0.173548
687000 0.457500 0.687500 0.917500 0.375000 0.191903
688000 0.457500 0.687500 0.917500 0.375000 0.243417
689000 0.465000 0.691250 0.917500 0.382500 0.275032
690000 0.470000 0.693750 0.917500 0.387500 0.233710
691000 0.480000 0.698750 0.917500 0.397500 0.240445
692000 0.480000 0.700000 0.920000 0.400000 0.204238
693000 0.482500 0.701250 0.920000 0.402500 0.230709
694000 0.485000 0.702500 0.920000 0.405000 0.250871
695000 0.485000 0.703750 0.922500 0.407500 0.312111
696000 0.487500 0.707500 0.927500 0.415000 0.248072
697000 0.490000 0.710000 0.930000 0.420000 0.220010
698000 0.492500 0.712500 0.932500 0.425000 0.270222
699000 0.495000 0.713750 0.932500 0.427500 0.241195
700000 0.490000 0.710000 0.930000 0.420000 0.209092
701000 0.492500 0.711250 0.930000 0.422500 0.223936
702000 0.495000 0.712500 0.930000 0.425000 0.207457
703000 0.497500 0.712500 0.927500 0.425000 0.242454
704000 0.500000 0.713750 0.927500 0.427500 0.197947
705000 0.500000 0.715000 0.930000 0.430000 0.230712
706000 0.500000 0.715000 0.930000 0.430000 0.220465
707000 0.500000 0.713750 0.927500 0.427500 0.272417
708000 0.510000 0.720000 0.930000 0.440000 0.163741
709000 0.510000 0.720000 0.930000 0.440000 0.211818
710000 0.502500 0.716250 0.930000 0.432500 0.209249
711000 0.505000 0.718750 0.932500 0.437500 0.282603
712000 0.502500 0.717500 0.932500 0.435000 0.200453
713000 0.502500 0.716250 0.930000 0.432500 0.268200
714000 0.507500 0.718750 0.930000 0.437500 0.198204
715000 0.510000 0.721250 0.932500 0.442500 0.230020
716000 0.512500 0.722500 0.932500 0.445000 0.328106
717000 0.510000 0.721250 0.932500 0.442500 0.287742
718000 0.517500 0.728750 0.940000 0.457500 0.254974
719000 0.527500 0.733750 0.940000 0.467500 0.171169
720000 0.527500 0.732500 0.937500 0.465000 0.256357
721000 0.532500 0.736250 0.940000 0.472500 0.228957
722000 0.532500 0.736250 0.940000 0.472500 0.315412
723000 0.530000 0.735000 0.940000 0.470000 0.324636
724000 0.530000 0.735000 0.940000 0.470000 0.229524
725000 0.532500 0.735000 0.937500 0.470000 0.226922
726000 0.537500 0.737500 0.937500 0.475000 0.287803
727000 0.540000 0.738750 0.937500 0.477500 0.363709
728000 0.545000 0.740000 0.935000 0.480000 0.238596
729000 0.545000 0.740000 0.935000 0.480000 0.300590
730000 0.547500 0.742500 0.937500 0.485000 0.192147
731000 0.552500 0.743750 0.935000 0.487500 0.270294
732000 0.560000 0.747500 0.935000 0.495000 0.267675
733000 0.560000 0.747500 0.935000 0.495000 0.235476
734000 0.560000 0.747500 0.935000 0.495000 0.329637
735000 0.562500 0.750000 0.937500 0.500000 0.182763
736000 0.565000 0.752500 0.940000 0.505000 0.251504
737000 0.565000 0.751250 0.937500 0.502500 0.239333
738000 0.567500 0.753750 0.940000 0.507500 0.302560
739000 0.570000 0.755000 0.940000 0.510000 0.311291
740000 0.570000 0.753750 0.937500 0.507500 0.297941
741000 0.577500 0.758750 0.940000 0.517500 0.246632
742000 0.580000 0.761250 0.942500 0.522500 0.332095
743000 0.585000 0.763750 0.942500 0.527500 0.289945
744000 0.585000 0.763750 0.942500 0.527500 0.237541
745000 0.587500 0.765000 0.942500 0.530000 0.298271
746000 0.595000 0.767500 0.940000 0.535000 0.261599
747000 0.597500 0.768750 0.940000 0.537500 0.258981
748000 0.600000 0.768750 0.937500 0.537500 0.270948
749000 0.607500 0.773750 0.940000 0.547500 0.265064
750000 0.605000 0.772500 0.940000 0.545000 0.262691
751000 0.607500 0.773750 0.940000 0.547500 0.239326
752000 0.602500 0.772500 0.942500 0.545000 0.264926
753000 0.602500 0.772500 0.942500 0.545000 0.305841
754000 0.602500 0.772500 0.942500 0.545000 0.308961
755000 0.597500 0.770000 0.942500 0.540000 0.350898
756000 0.597500 0.771250 0.945000 0.542500 0.333288
757000 0.600000 0.772500 0.945000 0.545000 0.276693
758000 0.602500 0.772500 0.942500 0.545000 0.290974
759000 0.607500 0.776250 0.945000 0.552500 0.343219
760000 0.610000 0.778750 0.947500 0.557500 0.321358
761000 0.615000 0.781250 0.947500 0.562500 0.281176
762000 0.622500 0.785000 0.947500 0.570000 0.259003
763000 0.622500 0.783750 0.945000 0.567500 0.290556
764000 0.622500 0.783750 0.945000 0.567500 0.276437
765000 0.622500 0.783750 0.945000 0.567500 0.288871
766000 0.632500 0.788750 0.945000 0.577500 0.299609
767000 0.630000 0.787500 0.945000 0.575000 0.256781
768000 0.630000 0.787500 0.945000 0.575000 0.267235
769000 0.627500 0.786250 0.945000 0.572500 0.247090
770000 0.627500 0.786250 0.945000 0.572500 0.341691
771000 0.630000 0.787500 0.945000 0.575000 0.278115
772000 0.625000 0.785000 0.945000 0.570000 0.271576
773000 0.630000 0.787500 0.945000 0.575000 0.337814
774000 0.630000 0.787500 0.945000 0.575000 0.297117
775000 0.642500 0.793750 0.945000 0.587500 0.365953
776000 0.645000 0.795000 0.945000 0.590000 0.242611
777000 0.652500 0.800000 0.947500 0.600000 0.325364
778000 0.657500 0.803750 0.950000 0.607500 0.350774
779000 0.657500 0.803750 0.950000 0.607500 0.304586
780000 0.655000 0.802500 0.950000 0.605000 0.333958
781000 0.652500 0.801250 0.950000 0.602500 0.227854
782000 0.655000 0.802500 0.950000 0.605000 0.276882
783000 0.665000 0.808750 0.952500 0.617500 0.324697
784000 0.665000 0.808750 0.952500 0.617500 0.331851
785000 0.660000 0.806250 0.952500 0.612500 0.289118
786000 0.665000 0.808750 0.952500 0.617500 0.314033
787000 0.662500 0.807500 0.952500 0.615000 0.309863
788000 0.670000 0.811250 0.952500 0.622500 0.281104
789000 0.672500 0.812500 0.952500 0.625000 0.313233
790000 0.670000 0.808750 0.947500 0.617500 0.264229
791000 0.665000 0.805000 0.945000 0.610000 0.335821
792000 0.660000 0.802500 0.945000 0.605000 0.336936
793000 0.660000 0.802500 0.945000 0.605000 0.240632
794000 0.660000 0.802500 0.945000 0.605000 0.324524
795000 0.662500 0.803750 0.945000 0.607500 0.251924
796000 0.667500 0.806250 0.945000 0.612500 0.299283
797000 0.667500 0.806250 0.945000 0.612500 0.276425
798000 0.670000 0.807500 0.945000 0.615000 0.282155
799000 0.667500 0.806250 0.945000 0.612500 0.314874
800000 0.665000 0.805000 0.945000 0.610000 0.275353
801000 0.675000 0.811250 0.947500 0.622500 0.353689
802000 0.680000 0.816250 0.952500 0.632500 0.245857
803000 0.675000 0.812500 0.950000 0.625000 0.263716
804000 0.677500 0.815000 0.952500 0.630000 0.304241
805000 0.680000 0.816250 0.952500 0.632500 0.333247
806000 0.672500 0.812500 0.952500 0.625000 0.350916
807000 0.680000 0.817500 0.955000 0.635000 0.273306
808000 0.680000 0.817500 0.955000 0.635000 0.315132
809000 0.677500 0.816250 0.955000 0.632500 0.346376
810000 0.685000 0.820000 0.955000 0.640000 0.358162
811000 0.687500 0.821250 0.955000 0.642500 0.272624
812000 0.690000 0.822500 0.955000 0.645000 0.294841
813000 0.685000 0.820000 0.955000 0.640000 0.316900
814000 0.687500 0.821250 0.955000 0.642500 0.303122
815000 0.687500 0.820000 0.952500 0.640000 0.260623
816000 0.687500 0.818750 0.950000 0.637500 0.264563
817000 0.687500 0.818750 0.950000 0.637500 0.282956
818000 0.692500 0.821250 0.950000 0.642500 0.288442
819000 0.690000 0.820000 0.950000 0.640000 0.313691
820000 0.690000 0.820000 0.950000 0.640000 0.294759
821000 0.687500 0.820000 0.952500 0.640000 0.296435
822000 0.687500 0.820000 0.952500 0.640000 0.274221
823000 0.687500 0.821250 0.955000 0.642500 0.331013
824000 0.692500 0.823750 0.955000 0.647500 0.324218
825000 0.692500 0.823750 0.955000 0.647500 0.357039
826000 0.692500 0.823750 0.955000 0.647500 0.307237
827000 0.685000 0.816250 0.947500 0.632500 0.293673
828000 0.690000 0.820000 0.950000 0.640000 0.326083
829000 0.682500 0.816250 0.950000 0.632500 0.280249
830000 0.687500 0.820000 0.952500 0.640000 0.216782
831000 0.687500 0.820000 0.952500 0.640000 0.375837
832000 0.682500 0.817500 0.952500 0.635000 0.336949
833000 0.682500 0.817500 0.952500 0.635000 0.337908
834000 0.682500 0.817500 0.952500 0.635000 0.276925
835000 0.687500 0.820000 0.952500 0.640000 0.347733
836000 0.690000 0.821250 0.952500 0.642500 0.237623
837000 0.687500 0.820000 0.952500 0.640000 0.349561
838000 0.685000 0.820000 0.955000 0.640000 0.373011
839000 0.682500 0.818750 0.955000 0.637500 0.328816
840000 0.685000 0.821250 0.957500 0.642500 0.247994
841000 0.685000 0.821250 0.957500 0.642500 0.339601
842000 0.690000 0.822500 0.955000 0.645000 0.212834
843000 0.687500 0.821250 0.955000 0.642500 0.319474
844000 0.685000 0.820000 0.955000 0.640000 0.335733
845000 0.690000 0.823750 0.957500 0.647500 0.277369
846000 0.687500 0.822500 0.957500 0.645000 0.266408
847000 0.685000 0.821250 0.957500 0.642500 0.302156
848000 0.687500 0.822500 0.957500 0.645000 0.256566
849000 0.692500 0.825000 0.957500 0.650000 0.315163
850000 0.692500 0.825000 0.957500 0.650000 0.323120
851000 0.692500 0.825000 0.957500 0.650000 0.309482
852000 0.697500 0.827500 0.957500 0.655000 0.295582
853000 0.700000 0.828750 0.957500 0.657500 0.328143
854000 0.700000 0.828750 0.957500 0.657500 0.319106
855000 0.700000 0.830000 0.960000 0.660000 0.339210
856000 0.702500 0.831250 0.960000 0.662500 0.322853
857000 0.702500 0.831250 0.960000 0.662500 0.315083
858000 0.702500 0.831250 0.960000 0.662500 0.298932
859000 0.702500 0.831250 0.960000 0.662500 0.353851
860000 0.702500 0.831250 0.960000 0.662500 0.301687
861000 0.705000 0.833750 0.962500 0.667500 0.269537
862000 0.705000 0.835000 0.965000 0.670000 0.306837
863000 0.702500 0.833750 0.965000 0.667500 0.306592
864000 0.702500 0.833750 0.965000 0.667500 0.291330
865000 0.702500 0.833750 0.965000 0.667500 0.291166
866000 0.702500 0.833750 0.965000 0.667500 0.313038
867000 0.705000 0.835000 0.965000 0.670000 0.322865
868000 0.702500 0.833750 0.965000 0.667500 0.331766
869000 0.705000 0.835000 0.965000 0.670000 0.322349
870000 0.710000 0.837500 0.965000 0.675000 0.266063
871000 0.710000 0.838750 0.967500 0.677500 0.307537
872000 0.712500 0.841250 0.970000 0.682500 0.345644
873000 0.710000 0.840000 0.970000 0.680000 0.359946
874000 0.705000 0.837500 0.970000 0.675000 0.332659
875000 0.702500 0.835000 0.967500 0.670000 0.328494
876000 0.702500 0.833750 0.965000 0.667500 0.321126
877000 0.702500 0.833750 0.965000 0.667500 0.333803
878000 0.710000 0.837500 0.965000 0.675000 0.278376
879000 0.707500 0.836250 0.965000 0.672500 0.380825
880000 0.715000 0.840000 0.965000 0.680000 0.336282
881000 0.717500 0.841250 0.965000 0.682500 0.330543
882000 0.715000 0.840000 0.965000 0.680000 0.342497
883000 0.715000 0.840000 0.965000 0.680000 0.313687
884000 0.712500 0.838750 0.965000 0.677500 0.379716
885000 0.715000 0.841250 0.967500 0.682500 0.372019
886000 0.720000 0.846250 0.972500 0.692500 0.349184
887000 0.720000 0.846250 0.972500 0.692500 0.296508
888000 0.722500 0.847500 0.972500 0.695000 0.361990
889000 0.720000 0.846250 0.972500 0.692500 0.274980
890000 0.722500 0.847500 0.972500 0.695000 0.437935
891000 0.722500 0.847500 0.972500 0.695000 0.294735
892000 0.722500 0.846250 0.970000 0.692500 0.275347
893000 0.722500 0.846250 0.970000 0.692500 0.366226
894000 0.727500 0.848750 0.970000 0.697500 0.368506
895000 0.722500 0.846250 0.970000 0.692500 0.362646
896000 0.720000 0.845000 0.970000 0.690000 0.289364
897000 0.720000 0.845000 0.970000 0.690000 0.295465
898000 0.722500 0.846250 0.970000 0.692500 0.345589
899000 0.727500 0.848750 0.970000 0.697500 0.360769
900000 0.727500 0.848750 0.970000 0.697500 0.352010
901000 0.725000 0.847500 0.970000 0.695000 0.329804
902000 0.725000 0.847500 0.970000 0.695000 0.342309
903000 0.727500 0.848750 0.970000 0.697500 0.334894
904000 0.725000 0.847500 0.970000 0.695000 0.344419
905000 0.725000 0.847500 0.970000 0.695000 0.335129
906000 0.722500 0.846250 0.970000 0.692500 0.299442
907000 0.717500 0.843750 0.970000 0.687500 0.299324
908000 0.717500 0.843750 0.970000 0.687500 0.379679
909000 0.722500 0.848750 0.975000 0.697500 0.338170
910000 0.722500 0.848750 0.975000 0.697500 0.356880
911000 0.722500 0.850000 0.977500 0.700000 0.301462
912000 0.717500 0.847500 0.977500 0.695000 0.347884
913000 0.725000 0.851250 0.977500 0.702500 0.343217
914000 0.727500 0.852500 0.977500 0.705000 0.421490
915000 0.727500 0.852500 0.977500 0.705000 0.332627
916000 0.735000 0.856250 0.977500 0.712500 0.416137
917000 0.732500 0.855000 0.977500 0.710000 0.379734
918000 0.730000 0.853750 0.977500 0.707500 0.345024
919000 0.730000 0.853750 0.977500 0.707500 0.352006
920000 0.730000 0.853750 0.977500 0.707500 0.317557
921000 0.737500 0.860000 0.982500 0.720000 0.307896
922000 0.745000 0.865000 0.985000 0.730000 0.398612
923000 0.742500 0.863750 0.985000 0.727500 0.308329
924000 0.745000 0.865000 0.985000 0.730000 0.305327
925000 0.747500 0.866250 0.985000 0.732500 0.342274
926000 0.745000 0.865000 0.985000 0.730000 0.364797
927000 0.745000 0.865000 0.985000 0.730000 0.344757
928000 0.747500 0.866250 0.985000 0.732500 0.370397
929000 0.752500 0.868750 0.985000 0.737500 0.296150
930000 0.752500 0.868750 0.985000 0.737500 0.345022
931000 0.755000 0.870000 0.985000 0.740000 0.320984
932000 0.757500 0.872500 0.987500 0.745000 0.329460
933000 0.757500 0.872500 0.987500 0.745000 0.436693
934000 0.757500 0.872500 0.987500 0.745000 0.379108
935000 0.760000 0.873750 0.987500 0.747500 0.325062
936000 0.760000 0.873750 0.987500 0.747500 0.333690
937000 0.757500 0.872500 0.987500 0.745000 0.317500
938000 0.757500 0.872500 0.987500 0.745000 0.323180
939000 0.757500 0.872500 0.987500 0.745000 0.323034
940000 0.760000 0.873750 0.987500 0.747500 0.361733
941000 0.762500 0.875000 0.987500 0.750000 0.343973
942000 0.760000 0.873750 0.987500 0.747500 0.370147
943000 0.762500 0.875000 0.987500 0.750000 0.381890
944000 0.762500 0.873750 0.985000 0.747500 0.373442
945000 0.760000 0.871250 0.982500 0.742500 0.413202
946000 0.767500 0.875000 0.982500 0.750000 0.368082
947000 0.765000 0.873750 0.982500 0.747500 0.387959
948000 0.767500 0.875000 0.982500 0.750000 0.366943
949000 0.767500 0.875000 0.982500 0.750000 0.366776
950000 0.770000 0.876250 0.982500 0.752500 0.382830
951000 0.772500 0.877500 0.982500 0.755000 0.396726
952000 0.777500 0.880000 0.982500 0.760000 0.454844
953000 0.777500 0.880000 0.982500 0.760000 0.442307
954000 0.780000 0.881250 0.982500 0.762500 0.379148
955000 0.782500 0.882500 0.982500 0.765000 0.437391
956000 0.777500 0.880000 0.982500 0.760000 0.491568
957000 0.777500 0.880000 0.982500 0.760000 0.443555
958000 0.780000 0.881250 0.982500 0.762500 0.431905
959000 0.782500 0.882500 0.982500 0.765000 0.348571
960000 0.785000 0.883750 0.982500 0.767500 0.420342
961000 0.785000 0.885000 0.985000 0.770000 0.341331
962000 0.787500 0.886250 0.985000 0.772500 0.338714
963000 0.787500 0.887500 0.987500 0.775000 0.352427
964000 0.785000 0.886250 0.987500 0.772500 0.354695
965000 0.785000 0.886250 0.987500 0.772500 0.383305
966000 0.785000 0.886250 0.987500 0.772500 0.369246
967000 0.782500 0.885000 0.987500 0.770000 0.397749
968000 0.777500 0.882500 0.987500 0.765000 0.391797
969000 0.780000 0.883750 0.987500 0.767500 0.456117
970000 0.780000 0.883750 0.987500 0.767500 0.298800
971000 0.780000 0.883750 0.987500 0.767500 0.380805
972000 0.785000 0.886250 0.987500 0.772500 0.389558
973000 0.792500 0.890000 0.987500 0.780000 0.356585
974000 0.792500 0.890000 0.987500 0.780000 0.350762
975000 0.797500 0.892500 0.987500 0.785000 0.314422
976000 0.800000 0.895000 0.990000 0.790000 0.316799
977000 0.797500 0.893750 0.990000 0.787500 0.431655
978000 0.797500 0.893750 0.990000 0.787500 0.463723
979000 0.805000 0.897500 0.990000 0.795000 0.418830
980000 0.805000 0.896250 0.987500 0.792500 0.429310
981000 0.802500 0.895000 0.987500 0.790000 0.386347
982000 0.805000 0.897500 0.990000 0.795000 0.339216
983000 0.802500 0.896250 0.990000 0.792500 0.402539
984000 0.802500 0.896250 0.990000 0.792500 0.406409
985000 0.800000 0.895000 0.990000 0.790000 0.410511
986000 0.805000 0.897500 0.990000 0.795000 0.404377
987000 0.810000 0.900000 0.990000 0.800000 0.415585
988000 0.812500 0.901250 0.990000 0.802500 0.336083
989000 0.815000 0.902500 0.990000 0.805000 0.437674
990000 0.817500 0.903750 0.990000 0.807500 0.395640
991000 0.815000 0.902500 0.990000 0.805000 0.419022
992000 0.817500 0.903750 0.990000 0.807500 0.345462
993000 0.817500 0.903750 0.990000 0.807500 0.376101
994000 0.822500 0.906250 0.990000 0.812500 0.462651
995000 0.822500 0.906250 0.990000 0.812500 0.429742
996000 0.822500 0.906250 0.990000 0.812500 0.394465
997000 0.820000 0.905000 0.990000 0.810000 0.412300
998000 0.817500 0.903750 0.990000 0.807500 0.409502
999000 0.825000 0.907500 0.990000 0.815000 0.375633
1000000 0.825000 0.907500 0.990000 0.815000 0.390208
1001000 0.825000 0.907500 0.990000 0.815000 0.364414
1002000 0.827500 0.908750 0.990000 0.817500 0.380731
1003000 0.830000 0.910000 0.990000 0.820000 0.411752
1004000 0.832500 0.911250 0.990000 0.822500 0.430337
1005000 0.832500 0.911250 0.990000 0.822500 0.369706
1006000 0.837500 0.913750 0.990000 0.827500 0.416735
1007000 0.837500 0.913750 0.990000 0.827500 0.407272
1008000 0.837500 0.913750 0.990000 0.827500 0.447346
1009000 0.837500 0.913750 0.990000 0.827500 0.427641
1010000 0.840000 0.913750 0.987500 0.827500 0.436515
1011000 0.837500 0.912500 0.987500 0.825000 0.426499
1012000 0.842500 0.915000 0.987500 0.830000 0.475966
1013000 0.847500 0.918750 0.990000 0.837500 0.450429
1014000 0.850000 0.920000 0.990000 0.840000 0.454199
1015000 0.852500 0.921250 0.990000 0.842500 0.449572
1016000 0.852500 0.921250 0.990000 0.842500 0.444788
1017000 0.852500 0.920000 0.987500 0.840000 0.372826
1018000 0.852500 0.920000 0.987500 0.840000 0.454913
1019000 0.855000 0.921250 0.987500 0.842500 0.430130
1020000 0.855000 0.921250 0.987500 0.842500 0.468787
1021000 0.855000 0.922500 0.990000 0.845000 0.437436
1022000 0.860000 0.926250 0.992500 0.852500 0.392004
1023000 0.855000 0.923750 0.992500 0.847500 0.439387
1024000 0.860000 0.926250 0.992500 0.852500 0.464419
1025000 0.857500 0.925000 0.992500 0.850000 0.444165
1026000 0.855000 0.923750 0.992500 0.847500 0.468873
1027000 0.855000 0.923750 0.992500 0.847500 0.442299
1028000 0.857500 0.925000 0.992500 0.850000 0.419401
1029000 0.857500 0.925000 0.992500 0.850000 0.455426
1030000 0.857500 0.925000 0.992500 0.850000 0.439263
1031000 0.855000 0.922500 0.990000 0.845000 0.455617
1032000 0.857500 0.923750 0.990000 0.847500 0.475611
1033000 0.857500 0.923750 0.990000 0.847500 0.471393
1034000 0.855000 0.922500 0.990000 0.845000 0.446437
1035000 0.857500 0.923750 0.990000 0.847500 0.388443
1036000 0.862500 0.926250 0.990000 0.852500 0.468621
1037000 0.860000 0.923750 0.987500 0.847500 0.481928
1038000 0.867500 0.927500 0.987500 0.855000 0.516558
1039000 0.867500 0.927500 0.987500 0.855000 0.430570
1040000 0.870000 0.928750 0.987500 0.857500 0.516807
1041000 0.875000 0.931250 0.987500 0.862500 0.468982
1042000 0.877500 0.932500 0.987500 0.865000 0.417140
1043000 0.882500 0.935000 0.987500 0.870000 0.464263
1044000 0.885000 0.936250 0.987500 0.872500 0.426574
1045000 0.885000 0.936250 0.987500 0.872500 0.474937
1046000 0.887500 0.937500 0.987500 0.875000 0.418053
1047000 0.887500 0.937500 0.987500 0.875000 0.529831
1048000 0.885000 0.935000 0.985000 0.870000 0.438012
1049000 0.887500 0.936250 0.985000 0.872500 0.503403
1050000 0.887500 0.936250 0.985000 0.872500 0.451296
1051000 0.887500 0.937500 0.987500 0.875000 0.520339
1052000 0.890000 0.938750 0.987500 0.877500 0.524016
1053000 0.887500 0.937500 0.987500 0.875000 0.457231
1054000 0.887500 0.937500 0.987500 0.875000 0.444714
1055000 0.890000 0.938750 0.987500 0.877500 0.455689
1056000 0.895000 0.941250 0.987500 0.882500 0.428123
1057000 0.895000 0.941250 0.987500 0.882500 0.467138
1058000 0.895000 0.941250 0.987500 0.882500 0.350400
1059000 0.887500 0.936250 0.985000 0.872500 0.532762
1060000 0.890000 0.937500 0.985000 0.875000 0.508479
1061000 0.892500 0.938750 0.985000 0.877500 0.488195
1062000 0.890000 0.937500 0.985000 0.875000 0.446774
1063000 0.892500 0.938750 0.985000 0.877500 0.451901
1064000 0.892500 0.938750 0.985000 0.877500 0.457201
1065000 0.892500 0.938750 0.985000 0.877500 0.489640
1066000 0.892500 0.938750 0.985000 0.877500 0.528793
1067000 0.890000 0.936250 0.982500 0.872500 0.415756
1068000 0.892500 0.937500 0.982500 0.875000 0.496737
1069000 0.890000 0.936250 0.982500 0.872500 0.494075
1070000 0.890000 0.936250 0.982500 0.872500 0.468549
1071000 0.890000 0.936250 0.982500 0.872500 0.478875
1072000 0.890000 0.936250 0.982500 0.872500 0.481978
1073000 0.892500 0.937500 0.982500 0.875000 0.455453
1074000 0.890000 0.936250 0.982500 0.872500 0.437203
1075000 0.887500 0.935000 0.982500 0.870000 0.437762
1076000 0.882500 0.932500 0.982500 0.865000 0.434073
1077000 0.887500 0.935000 0.982500 0.870000 0.436158
1078000 0.882500 0.932500 0.982500 0.865000 0.447300
1079000 0.880000 0.931250 0.982500 0.862500 0.490218
1080000 0.877500 0.930000 0.982500 0.860000 0.436330
1081000 0.877500 0.930000 0.982500 0.860000 0.406744
1082000 0.880000 0.932500 0.985000 0.865000 0.421194
1083000 0.882500 0.933750 0.985000 0.867500 0.387990
1084000 0.880000 0.932500 0.985000 0.865000 0.450779
1085000 0.880000 0.932500 0.985000 0.865000 0.450577
1086000 0.882500 0.933750 0.985000 0.867500 0.382638
1087000 0.877500 0.931250 0.985000 0.862500 0.371330
1088000 0.875000 0.930000 0.985000 0.860000 0.443538
1089000 0.875000 0.931250 0.987500 0.862500 0.484117
1090000 0.872500 0.930000 0.987500 0.860000 0.373103
1091000 0.872500 0.930000 0.987500 0.860000 0.428873
1092000 0.877500 0.932500 0.987500 0.865000 0.404440
1093000 0.877500 0.932500 0.987500 0.865000 0.398235
1094000 0.880000 0.933750 0.987500 0.867500 0.399466
1095000 0.882500 0.935000 0.987500 0.870000 0.398589
1096000 0.877500 0.932500 0.987500 0.865000 0.422859
1097000 0.872500 0.930000 0.987500 0.860000 0.445198
1098000 0.872500 0.930000 0.987500 0.860000 0.483187
1099000 0.872500 0.930000 0.987500 0.860000 0.480089
1100000 0.872500 0.930000 0.987500 0.860000 0.443313
1101000 0.875000 0.931250 0.987500 0.862500 0.489812
1102000 0.880000 0.935000 0.990000 0.870000 0.477788
1103000 0.877500 0.933750 0.990000 0.867500 0.409135
1104000 0.880000 0.935000 0.990000 0.870000 0.408416
1105000 0.882500 0.936250 0.990000 0.872500 0.506230
1106000 0.882500 0.936250 0.990000 0.872500 0.433145
1107000 0.885000 0.938750 0.992500 0.877500 0.435818
1108000 0.882500 0.936250 0.990000 0.872500 0.500113
1109000 0.885000 0.937500 0.990000 0.875000 0.466126
1110000 0.887500 0.938750 0.990000 0.877500 0.462204
1111000 0.885000 0.936250 0.987500 0.872500 0.436582
1112000 0.885000 0.936250 0.987500 0.872500 0.514456
1113000 0.885000 0.936250 0.987500 0.872500 0.512205
1114000 0.885000 0.936250 0.987500 0.872500 0.466666
1115000 0.880000 0.932500 0.985000 0.865000 0.459809
1116000 0.880000 0.932500 0.985000 0.865000 0.498618
1117000 0.877500 0.931250 0.985000 0.862500 0.456609
1118000 0.875000 0.930000 0.985000 0.860000 0.491996
1119000 0.875000 0.931250 0.987500 0.862500 0.483296
1120000 0.875000 0.931250 0.987500 0.862500 0.510149
1121000 0.872500 0.928750 0.985000 0.857500 0.406614
1122000 0.875000 0.930000 0.985000 0.860000 0.446149
1123000 0.877500 0.931250 0.985000 0.862500 0.422224
1124000 0.882500 0.933750 0.985000 0.867500 0.430430
1125000 0.882500 0.933750 0.985000 0.867500 0.487398
1126000 0.882500 0.933750 0.985000 0.867500 0.489887
1127000 0.882500 0.933750 0.985000 0.867500 0.484004
1128000 0.885000 0.935000 0.985000 0.870000 0.490453
1129000 0.890000 0.938750 0.987500 0.877500 0.506151
1130000 0.887500 0.936250 0.985000 0.872500 0.484131
1131000 0.887500 0.936250 0.985000 0.872500 0.503093
1132000 0.892500 0.938750 0.985000 0.877500 0.484497
1133000 0.892500 0.938750 0.985000 0.877500 0.425909
1134000 0.890000 0.937500 0.985000 0.875000 0.504718
1135000 0.887500 0.936250 0.985000 0.872500 0.501485
1136000 0.890000 0.938750 0.987500 0.877500 0.532336
1137000 0.892500 0.940000 0.987500 0.880000 0.515798
1138000 0.892500 0.940000 0.987500 0.880000 0.489236
1139000 0.892500 0.940000 0.987500 0.880000 0.545814
1140000 0.892500 0.940000 0.987500 0.880000 0.506123
1141000 0.890000 0.938750 0.987500 0.877500 0.536563
1142000 0.895000 0.941250 0.987500 0.882500 0.565795
1143000 0.897500 0.942500 0.987500 0.885000 0.467424
1144000 0.902500 0.945000 0.987500 0.890000 0.504935
1145000 0.905000 0.946250 0.987500 0.892500 0.524657
1146000 0.905000 0.946250 0.987500 0.892500 0.496327
1147000 0.910000 0.948750 0.987500 0.897500 0.518082
1148000 0.910000 0.948750 0.987500 0.897500 0.486279
1149000 0.905000 0.945000 0.985000 0.890000 0.410012
1150000 0.907500 0.946250 0.985000 0.892500 0.497232
1151000 0.905000 0.945000 0.985000 0.890000 0.435065
1152000 0.910000 0.947500 0.985000 0.895000 0.494057
1153000 0.910000 0.947500 0.985000 0.895000 0.499664
1154000 0.912500 0.948750 0.985000 0.897500 0.534879
1155000 0.915000 0.950000 0.985000 0.900000 0.510099
1156000 0.917500 0.951250 0.985000 0.902500 0.508016
1157000 0.915000 0.948750 0.982500 0.897500 0.489741
1158000 0.915000 0.948750 0.982500 0.897500 0.432627
1159000 0.915000 0.948750 0.982500 0.897500 0.502808
1160000 0.915000 0.948750 0.982500 0.897500 0.466134
1161000 0.915000 0.948750 0.982500 0.897500 0.512721
1162000 0.915000 0.948750 0.982500 0.897500 0.523206
1163000 0.920000 0.951250 0.982500 0.902500 0.514929
1164000 0.920000 0.951250 0.982500 0.902500 0.513562
1165000 0.920000 0.951250 0.982500 0.902500 0.507117
1166000 0.915000 0.948750 0.982500 0.897500 0.527104
1167000 0.915000 0.948750 0.982500 0.897500 0.542821
1168000 0.917500 0.950000 0.982500 0.900000 0.422930
1169000 0.920000 0.951250 0.982500 0.902500 0.454689
1170000 0.920000 0.951250 0.982500 0.902500 0.476806
1171000 0.917500 0.950000 0.982500 0.900000 0.555549
1172000 0.917500 0.950000 0.982500 0.900000 0.536104
1173000 0.917500 0.950000 0.982500 0.900000 0.485707
1174000 0.915000 0.950000 0.985000 0.900000 0.516782
1175000 0.912500 0.948750 0.985000 0.897500 0.511645
1176000 0.912500 0.948750 0.985000 0.897500 0.480436
1177000 0.915000 0.951250 0.987500 0.902500 0.533763
1178000 0.915000 0.951250 0.987500 0.902500 0.491531
1179000 0.915000 0.951250 0.987500 0.902500 0.530975
1180000 0.922500 0.956250 0.990000 0.912500 0.508421
1181000 0.922500 0.956250 0.990000 0.912500 0.509196
1182000 0.925000 0.957500 0.990000 0.915000 0.478850
1183000 0.927500 0.958750 0.990000 0.917500 0.500679
1184000 0.930000 0.960000 0.990000 0.920000 0.498994
1185000 0.930000 0.961250 0.992500 0.922500 0.514132
1186000 0.927500 0.960000 0.992500 0.920000 0.565476
1187000 0.927500 0.960000 0.992500 0.920000 0.461218
1188000 0.925000 0.958750 0.992500 0.917500 0.541257
1189000 0.927500 0.960000 0.992500 0.920000 0.531944
1190000 0.927500 0.960000 0.992500 0.920000 0.491873
1191000 0.925000 0.957500 0.990000 0.915000 0.539722
1192000 0.922500 0.956250 0.990000 0.912500 0.504386
1193000 0.925000 0.957500 0.990000 0.915000 0.484416
1194000 0.927500 0.960000 0.992500 0.920000 0.510375
1195000 0.927500 0.960000 0.992500 0.920000 0.513543
1196000 0.927500 0.960000 0.992500 0.920000 0.504649
1197000 0.927500 0.960000 0.992500 0.920000 0.531333
1198000 0.930000 0.961250 0.992500 0.922500 0.563259
1199000 0.932500 0.962500 0.992500 0.925000 0.489242
1200000 0.932500 0.962500 0.992500 0.925000 0.564991
1201000 0.935000 0.963750 0.992500 0.927500 0.471153
1202000 0.932500 0.960000 0.987500 0.920000 0.522864
1203000 0.932500 0.960000 0.987500 0.920000 0.543896
1204000 0.927500 0.957500 0.987500 0.915000 0.543511
1205000 0.930000 0.958750 0.987500 0.917500 0.522766
1206000 0.930000 0.958750 0.987500 0.917500 0.492837
1207000 0.930000 0.958750 0.987500 0.917500 0.530325
1208000 0.932500 0.960000 0.987500 0.920000 0.480973
1209000 0.932500 0.960000 0.987500 0.920000 0.537575
1210000 0.932500 0.960000 0.987500 0.920000 0.551550
1211000 0.927500 0.957500 0.987500 0.915000 0.514624
1212000 0.927500 0.957500 0.987500 0.915000 0.558420
1213000 0.927500 0.957500 0.987500 0.915000 0.479398
1214000 0.930000 0.958750 0.987500 0.917500 0.562538
1215000 0.930000 0.958750 0.987500 0.917500 0.505980
1216000 0.930000 0.958750 0.987500 0.917500 0.524888
1217000 0.927500 0.957500 0.987500 0.915000 0.522443
1218000 0.925000 0.956250 0.987500 0.912500 0.546608
1219000 0.925000 0.956250 0.987500 0.912500 0.490750
1220000 0.925000 0.956250 0.987500 0.912500 0.511666
1221000 0.925000 0.957500 0.990000 0.915000 0.533136
1222000 0.922500 0.956250 0.990000 0.912500 0.505554
1223000 0.922500 0.956250 0.990000 0.912500 0.517549
1224000 0.925000 0.957500 0.990000 0.915000 0.477567
1225000 0.925000 0.957500 0.990000 0.915000 0.529206
1226000 0.927500 0.958750 0.990000 0.917500 0.549866
1227000 0.925000 0.957500 0.990000 0.915000 0.564042
1228000 0.930000 0.960000 0.990000 0.920000 0.518903
1229000 0.930000 0.960000 0.990000 0.920000 0.565113
1230000 0.927500 0.958750 0.990000 0.917500 0.581172
1231000 0.927500 0.958750 0.990000 0.917500 0.522531
1232000 0.927500 0.958750 0.990000 0.917500 0.529568
1233000 0.927500 0.958750 0.990000 0.917500 0.494636
1234000 0.930000 0.960000 0.990000 0.920000 0.523520
1235000 0.927500 0.958750 0.990000 0.917500 0.519995
1236000 0.930000 0.960000 0.990000 0.920000 0.533746
1237000 0.930000 0.960000 0.990000 0.920000 0.497631
1238000 0.932500 0.961250 0.990000 0.922500 0.520912
1239000 0.932500 0.961250 0.990000 0.922500 0.506835
1240000 0.932500 0.961250 0.990000 0.922500 0.556026
1241000 0.930000 0.960000 0.990000 0.920000 0.557943
1242000 0.930000 0.960000 0.990000 0.920000 0.495753
1243000 0.930000 0.960000 0.990000 0.920000 0.517124
1244000 0.930000 0.960000 0.990000 0.920000 0.513423
1245000 0.930000 0.960000 0.990000 0.920000 0.509280
1246000 0.927500 0.958750 0.990000 0.917500 0.556550
1247000 0.927500 0.958750 0.990000 0.917500 0.535258
1248000 0.927500 0.958750 0.990000 0.917500 0.513129
1249000 0.930000 0.960000 0.990000 0.920000 0.494763
1250000 0.932500 0.961250 0.990000 0.922500 0.532899
1251000 0.935000 0.962500 0.990000 0.925000 0.555362
1252000 0.935000 0.962500 0.990000 0.925000 0.527054
1253000 0.935000 0.962500 0.990000 0.925000 0.523779
1254000 0.935000 0.963750 0.992500 0.927500 0.559735
1255000 0.937500 0.965000 0.992500 0.930000 0.562407
1256000 0.937500 0.965000 0.992500 0.930000 0.522819
1257000 0.940000 0.966250 0.992500 0.932500 0.568847
1258000 0.940000 0.966250 0.992500 0.932500 0.574225
1259000 0.940000 0.966250 0.992500 0.932500 0.523139
1260000 0.940000 0.966250 0.992500 0.932500 0.585002
1261000 0.937500 0.965000 0.992500 0.930000 0.540153
1262000 0.937500 0.965000 0.992500 0.930000 0.561128
1263000 0.937500 0.965000 0.992500 0.930000 0.604366
1264000 0.940000 0.967500 0.995000 0.935000 0.606108
1265000 0.937500 0.965000 0.992500 0.930000 0.572004
1266000 0.942500 0.967500 0.992500 0.935000 0.483038
1267000 0.942500 0.967500 0.992500 0.935000 0.558979
1268000 0.942500 0.967500 0.992500 0.935000 0.540523
1269000 0.937500 0.965000 0.992500 0.930000 0.538474
1270000 0.937500 0.965000 0.992500 0.930000 0.498071
1271000 0.937500 0.965000 0.992500 0.930000 0.577407
1272000 0.935000 0.962500 0.990000 0.925000 0.548942
1273000 0.937500 0.963750 0.990000 0.927500 0.572928
1274000 0.942500 0.966250 0.990000 0.932500 0.524002
1275000 0.940000 0.965000 0.990000 0.930000 0.552434
1276000 0.940000 0.966250 0.992500 0.932500 0.512218
1277000 0.935000 0.963750 0.992500 0.927500 0.534918
1278000 0.937500 0.965000 0.992500 0.930000 0.514055
1279000 0.940000 0.966250 0.992500 0.932500 0.545313
1280000 0.942500 0.967500 0.992500 0.935000 0.572344
1281000 0.940000 0.966250 0.992500 0.932500 0.494467
1282000 0.942500 0.967500 0.992500 0.935000 0.569397
1283000 0.942500 0.967500 0.992500 0.935000 0.557565
1284000 0.942500 0.967500 0.992500 0.935000 0.579082
1285000 0.942500 0.967500 0.992500 0.935000 0.560351
1286000 0.945000 0.968750 0.992500 0.937500 0.559995
1287000 0.940000 0.966250 0.992500 0.932500 0.507646
1288000 0.942500 0.967500 0.992500 0.935000 0.594808
1289000 0.942500 0.967500 0.992500 0.935000 0.576217
1290000 0.942500 0.967500 0.992500 0.935000 0.581186
1291000 0.947500 0.970000 0.992500 0.940000 0.510045
1292000 0.947500 0.970000 0.992500 0.940000 0.519259
1293000 0.945000 0.968750 0.992500 0.937500 0.501569
1294000 0.942500 0.967500 0.992500 0.935000 0.512217
1295000 0.942500 0.967500 0.992500 0.935000 0.488706
1296000 0.942500 0.967500 0.992500 0.935000 0.558430
1297000 0.940000 0.966250 0.992500 0.932500 0.509590
1298000 0.940000 0.966250 0.992500 0.932500 0.558165
1299000 0.942500 0.967500 0.992500 0.935000 0.563303
1300000 0.940000 0.966250 0.992500 0.932500 0.483184
1301000 0.937500 0.965000 0.992500 0.930000 0.509894
1302000 0.937500 0.965000 0.992500 0.930000 0.484284
1303000 0.940000 0.966250 0.992500 0.932500 0.514714
1304000 0.937500 0.965000 0.992500 0.930000 0.522546
1305000 0.937500 0.965000 0.992500 0.930000 0.495850
1306000 0.937500 0.965000 0.992500 0.930000 0.490358
1307000 0.937500 0.965000 0.992500 0.930000 0.525128
1308000 0.940000 0.966250 0.992500 0.932500 0.560965
1309000 0.940000 0.966250 0.992500 0.932500 0.533309
1310000 0.940000 0.966250 0.992500 0.932500 0.480947
1311000 0.937500 0.963750 0.990000 0.927500 0.589229
1312000 0.937500 0.963750 0.990000 0.927500 0.534846
1313000 0.937500 0.963750 0.990000 0.927500 0.490154
1314000 0.937500 0.963750 0.990000 0.927500 0.511154
1315000 0.932500 0.960000 0.987500 0.920000 0.492368
1316000 0.935000 0.961250 0.987500 0.922500 0.587964
1317000 0.935000 0.961250 0.987500 0.922500 0.493919
1318000 0.935000 0.961250 0.987500 0.922500 0.527198
1319000 0.932500 0.958750 0.985000 0.917500 0.488847
1320000 0.932500 0.958750 0.985000 0.917500 0.607459
1321000 0.932500 0.958750 0.985000 0.917500 0.500629
1322000 0.932500 0.958750 0.985000 0.917500 0.549129
1323000 0.935000 0.960000 0.985000 0.920000 0.556339
1324000 0.935000 0.960000 0.985000 0.920000 0.550967
1325000 0.935000 0.960000 0.985000 0.920000 0.548870
1326000 0.940000 0.963750 0.987500 0.927500 0.573278
1327000 0.940000 0.963750 0.987500 0.927500 0.533378
1328000 0.940000 0.963750 0.987500 0.927500 0.543685
1329000 0.940000 0.963750 0.987500 0.927500 0.501675
1330000 0.942500 0.965000 0.987500 0.930000 0.537595
1331000 0.945000 0.966250 0.987500 0.932500 0.566451
1332000 0.947500 0.968750 0.990000 0.937500 0.534776
1333000 0.947500 0.968750 0.990000 0.937500 0.632326
1334000 0.945000 0.967500 0.990000 0.935000 0.585100
1335000 0.947500 0.968750 0.990000 0.937500 0.577545
1336000 0.950000 0.970000 0.990000 0.940000 0.526789
1337000 0.955000 0.972500 0.990000 0.945000 0.534127
1338000 0.955000 0.972500 0.990000 0.945000 0.598630
1339000 0.955000 0.972500 0.990000 0.945000 0.527844
1340000 0.952500 0.971250 0.990000 0.942500 0.621448
1341000 0.955000 0.972500 0.990000 0.945000 0.556530
1342000 0.957500 0.973750 0.990000 0.947500 0.601861
1343000 0.957500 0.973750 0.990000 0.947500 0.594837
1344000 0.955000 0.972500 0.990000 0.945000 0.567872
1345000 0.955000 0.972500 0.990000 0.945000 0.595174
1346000 0.957500 0.973750 0.990000 0.947500 0.591854
1347000 0.960000 0.975000 0.990000 0.950000 0.551455
1348000 0.960000 0.975000 0.990000 0.950000 0.601694
1349000 0.960000 0.975000 0.990000 0.950000 0.621695
1350000 0.957500 0.973750 0.990000 0.947500 0.551217
1351000 0.957500 0.973750 0.990000 0.947500 0.572897
1352000 0.960000 0.975000 0.990000 0.950000 0.585852
1353000 0.957500 0.973750 0.990000 0.947500 0.566610
1354000 0.960000 0.975000 0.990000 0.950000 0.562471
1355000 0.957500 0.973750 0.990000 0.947500 0.602795
1356000 0.957500 0.973750 0.990000 0.947500 0.616739
1357000 0.957500 0.973750 0.990000 0.947500 0.587724
1358000 0.957500 0.973750 0.990000 0.947500 0.645952
1359000 0.960000 0.975000 0.990000 0.950000 0.573902
1360000 0.960000 0.975000 0.990000 0.950000 0.609997
1361000 0.960000 0.975000 0.990000 0.950000 0.560625
1362000 0.960000 0.975000 0.990000 0.950000 0.598339
1363000 0.962500 0.976250 0.990000 0.952500 0.627341
1364000 0.960000 0.975000 0.990000 0.950000 0.571382
1365000 0.960000 0.975000 0.990000 0.950000 0.600752
1366000 0.960000 0.975000 0.990000 0.950000 0.566684
1367000 0.960000 0.975000 0.990000 0.950000 0.595863
1368000 0.960000 0.975000 0.990000 0.950000 0.591242
1369000 0.965000 0.978750 0.992500 0.957500 0.591158
1370000 0.965000 0.978750 0.992500 0.957500 0.544475
1371000 0.965000 0.978750 0.992500 0.957500 0.612183
1372000 0.967500 0.980000 0.992500 0.960000 0.529991
1373000 0.970000 0.982500 0.995000 0.965000 0.563844
1374000 0.970000 0.982500 0.995000 0.965000 0.596994
1375000 0.967500 0.980000 0.992500 0.960000 0.521977
1376000 0.965000 0.978750 0.992500 0.957500 0.625472
1377000 0.965000 0.980000 0.995000 0.960000 0.599945
1378000 0.965000 0.980000 0.995000 0.960000 0.517774
1379000 0.965000 0.980000 0.995000 0.960000 0.561390
1380000 0.965000 0.980000 0.995000 0.960000 0.616491
1381000 0.965000 0.980000 0.995000 0.960000 0.578566
1382000 0.965000 0.980000 0.995000 0.960000 0.538187
1383000 0.965000 0.980000 0.995000 0.960000 0.589916
1384000 0.967500 0.982500 0.997500 0.965000 0.548644
1385000 0.967500 0.982500 0.997500 0.965000 0.558576
1386000 0.967500 0.982500 0.997500 0.965000 0.582433
1387000 0.967500 0.982500 0.997500 0.965000 0.590419
1388000 0.967500 0.982500 0.997500 0.965000 0.563481
1389000 0.967500 0.982500 0.997500 0.965000 0.604547
1390000 0.965000 0.981250 0.997500 0.962500 0.594854
1391000 0.965000 0.981250 0.997500 0.962500 0.571498
1392000 0.965000 0.981250 0.997500 0.962500 0.575261
1393000 0.967500 0.982500 0.997500 0.965000 0.592260
1394000 0.965000 0.981250 0.997500 0.962500 0.594169
1395000 0.965000 0.981250 0.997500 0.962500 0.590966
1396000 0.965000 0.981250 0.997500 0.962500 0.542673
1397000 0.962500 0.980000 0.997500 0.960000 0.515744
1398000 0.960000 0.978750 0.997500 0.957500 0.585068
1399000 0.957500 0.977500 0.997500 0.955000 0.596277
1400000 0.957500 0.977500 0.997500 0.955000 0.611973
1401000 0.957500 0.977500 0.997500 0.955000 0.602277
1402000 0.955000 0.975000 0.995000 0.950000 0.553315
1403000 0.955000 0.975000 0.995000 0.950000 0.550307
1404000 0.955000 0.975000 0.995000 0.950000 0.594828
1405000 0.955000 0.975000 0.995000 0.950000 0.632935
1406000 0.955000 0.975000 0.995000 0.950000 0.556132
1407000 0.955000 0.975000 0.995000 0.950000 0.562141
1408000 0.955000 0.975000 0.995000 0.950000 0.560567
1409000 0.955000 0.975000 0.995000 0.950000 0.549478
1410000 0.955000 0.975000 0.995000 0.950000 0.574151
1411000 0.957500 0.976250 0.995000 0.952500 0.513724
1412000 0.952500 0.973750 0.995000 0.947500 0.515962
1413000 0.952500 0.973750 0.995000 0.947500 0.499550
1414000 0.952500 0.973750 0.995000 0.947500 0.559444
1415000 0.952500 0.973750 0.995000 0.947500 0.558816
1416000 0.955000 0.975000 0.995000 0.950000 0.521401
1417000 0.957500 0.976250 0.995000 0.952500 0.580798
1418000 0.957500 0.976250 0.995000 0.952500 0.542434
1419000 0.955000 0.975000 0.995000 0.950000 0.574965
1420000 0.957500 0.976250 0.995000 0.952500 0.562566
1421000 0.957500 0.976250 0.995000 0.952500 0.487738
1422000 0.957500 0.976250 0.995000 0.952500 0.556867
1423000 0.957500 0.976250 0.995000 0.952500 0.500518
1424000 0.955000 0.975000 0.995000 0.950000 0.452216
1425000 0.955000 0.975000 0.995000 0.950000 0.553151
1426000 0.955000 0.975000 0.995000 0.950000 0.447409
1427000 0.952500 0.972500 0.992500 0.945000 0.513715
1428000 0.952500 0.972500 0.992500 0.945000 0.532441
1429000 0.950000 0.971250 0.992500 0.942500 0.546869
1430000 0.950000 0.971250 0.992500 0.942500 0.482810
1431000 0.950000 0.971250 0.992500 0.942500 0.566110
1432000 0.950000 0.971250 0.992500 0.942500 0.549361
1433000 0.947500 0.970000 0.992500 0.940000 0.520142
1434000 0.947500 0.970000 0.992500 0.940000 0.560944
1435000 0.947500 0.970000 0.992500 0.940000 0.571270
1436000 0.950000 0.972500 0.995000 0.945000 0.572214
1437000 0.952500 0.973750 0.995000 0.947500 0.501763
1438000 0.955000 0.975000 0.995000 0.950000 0.570029
1439000 0.955000 0.975000 0.995000 0.950000 0.606155
1440000 0.955000 0.975000 0.995000 0.950000 0.533248
1441000 0.952500 0.973750 0.995000 0.947500 0.542378
1442000 0.952500 0.973750 0.995000 0.947500 0.596064
1443000 0.952500 0.973750 0.995000 0.947500 0.571779
1444000 0.952500 0.973750 0.995000 0.947500 0.572845
1445000 0.952500 0.973750 0.995000 0.947500 0.592943
1446000 0.952500 0.973750 0.995000 0.947500 0.586135
1447000 0.952500 0.973750 0.995000 0.947500 0.620154
1448000 0.952500 0.973750 0.995000 0.947500 0.598297
1449000 0.950000 0.972500 0.995000 0.945000 0.601063
1450000 0.947500 0.971250 0.995000 0.942500 0.546522
1451000 0.947500 0.971250 0.995000 0.942500 0.547633
1452000 0.947500 0.971250 0.995000 0.942500 0.549366
1453000 0.947500 0.971250 0.995000 0.942500 0.561426
1454000 0.950000 0.972500 0.995000 0.945000 0.629379
1455000 0.950000 0.972500 0.995000 0.945000 0.580548
1456000 0.947500 0.971250 0.995000 0.942500 0.573859
1457000 0.947500 0.971250 0.995000 0.942500 0.584713
1458000 0.950000 0.972500 0.995000 0.945000 0.539944
1459000 0.952500 0.973750 0.995000 0.947500 0.576038
1460000 0.952500 0.973750 0.995000 0.947500 0.566009
1461000 0.957500 0.977500 0.997500 0.955000 0.557779
1462000 0.957500 0.977500 0.997500 0.955000 0.558853
1463000 0.960000 0.978750 0.997500 0.957500 0.571962
1464000 0.960000 0.978750 0.997500 0.957500 0.593188
1465000 0.960000 0.978750 0.997500 0.957500 0.578777
1466000 0.960000 0.978750 0.997500 0.957500 0.643207
1467000 0.960000 0.978750 0.997500 0.957500 0.567719
1468000 0.960000 0.978750 0.997500 0.957500 0.561160
1469000 0.960000 0.978750 0.997500 0.957500 0.656312
1470000 0.962500 0.980000 0.997500 0.960000 0.612184
1471000 0.967500 0.982500 0.997500 0.965000 0.608226
1472000 0.967500 0.982500 0.997500 0.965000 0.606918
1473000 0.967500 0.982500 0.997500 0.965000 0.606344
1474000 0.970000 0.983750 0.997500 0.967500 0.621937
1475000 0.967500 0.982500 0.997500 0.965000 0.591380
1476000 0.967500 0.982500 0.997500 0.965000 0.584801
1477000 0.970000 0.983750 0.997500 0.967500 0.597223
1478000 0.967500 0.982500 0.997500 0.965000 0.575048
1479000 0.967500 0.982500 0.997500 0.965000 0.592283
1480000 0.967500 0.982500 0.997500 0.965000 0.541753
1481000 0.965000 0.981250 0.997500 0.962500 0.606390
1482000 0.965000 0.981250 0.997500 0.962500 0.617827
1483000 0.965000 0.981250 0.997500 0.962500 0.575917
1484000 0.967500 0.983750 1.000000 0.967500 0.598530
1485000 0.970000 0.985000 1.000000 0.970000 0.604295
1486000 0.970000 0.985000 1.000000 0.970000 0.576255
1487000 0.967500 0.983750 1.000000 0.967500 0.653797
1488000 0.967500 0.983750 1.000000 0.967500 0.561879
1489000 0.967500 0.983750 1.000000 0.967500 0.588794
1490000 0.970000 0.985000 1.000000 0.970000 0.591979
1491000 0.970000 0.985000 1.000000 0.970000 0.607653
1492000 0.970000 0.985000 1.000000 0.970000 0.576025
1493000 0.967500 0.983750 1.000000 0.967500 0.590749
1494000 0.967500 0.983750 1.000000 0.967500 0.585729
1495000 0.965000 0.981250 0.997500 0.962500 0.594045
1496000 0.965000 0.981250 0.997500 0.962500 0.646026
1497000 0.965000 0.981250 0.997500 0.962500 0.598995
1498000 0.967500 0.982500 0.997500 0.965000 0.599240
1499000 0.965000 0.981250 0.997500 0.962500 0.574336
1500000 0.965000 0.981250 0.997500 0.962500 0.619513
1501000 0.965000 0.981250 0.997500 0.962500 0.641484
1502000 0.965000 0.981250 0.997500 0.962500 0.602839
1503000 0.965000 0.981250 0.997500 0.962500 0.583164
1504000 0.965000 0.981250 0.997500 0.962500 0.588926
1505000 0.965000 0.981250 0.997500 0.962500 0.574044
1506000 0.970000 0.983750 0.997500 0.967500 0.578653
1507000 0.972500 0.985000 0.997500 0.970000 0.584853
1508000 0.972500 0.985000 0.997500 0.970000 0.617152
1509000 0.972500 0.985000 0.997500 0.970000 0.583765
1510000 0.972500 0.985000 0.997500 0.970000 0.578033
1511000 0.972500 0.985000 0.997500 0.970000 0.576888
1512000 0.975000 0.986250 0.997500 0.972500 0.548179
1513000 0.975000 0.986250 0.997500 0.972500 0.593782
1514000 0.975000 0.986250 0.997500 0.972500 0.593403
1515000 0.975000 0.986250 0.997500 0.972500 0.627150
1516000 0.975000 0.986250 0.997500 0.972500 0.626264
1517000 0.975000 0.986250 0.997500 0.972500 0.630230
1518000 0.975000 0.986250 0.997500 0.972500 0.594988
1519000 0.975000 0.986250 0.997500 0.972500 0.598629
1520000 0.975000 0.986250 0.997500 0.972500 0.619829
1521000 0.975000 0.986250 0.997500 0.972500 0.615799
1522000 0.975000 0.986250 0.997500 0.972500 0.624343
1523000 0.975000 0.986250 0.997500 0.972500 0.632509
1524000 0.975000 0.986250 0.997500 0.972500 0.601426
1525000 0.975000 0.986250 0.997500 0.972500 0.619332
1526000 0.975000 0.986250 0.997500 0.972500 0.627693
1527000 0.975000 0.986250 0.997500 0.972500 0.635026
1528000 0.972500 0.985000 0.997500 0.970000 0.585245
1529000 0.970000 0.983750 0.997500 0.967500 0.641789
1530000 0.970000 0.983750 0.997500 0.967500 0.585257
1531000 0.972500 0.985000 0.997500 0.970000 0.591582
1532000 0.972500 0.985000 0.997500 0.970000 0.612857
1533000 0.972500 0.985000 0.997500 0.970000 0.595462
1534000 0.972500 0.985000 0.997500 0.970000 0.599687
1535000 0.972500 0.985000 0.997500 0.970000 0.643290
1536000 0.977500 0.987500 0.997500 0.975000 0.636781
1537000 0.977500 0.987500 0.997500 0.975000 0.632309
1538000 0.977500 0.987500 0.997500 0.975000 0.631931
1539000 0.980000 0.988750 0.997500 0.977500 0.609593
1540000 0.980000 0.988750 0.997500 0.977500 0.592463
1541000 0.980000 0.988750 0.997500 0.977500 0.585947
1542000 0.980000 0.988750 0.997500 0.977500 0.610641
1543000 0.982500 0.990000 0.997500 0.980000 0.583286
1544000 0.980000 0.988750 0.997500 0.977500 0.641013
1545000 0.980000 0.988750 0.997500 0.977500 0.628822
1546000 0.980000 0.988750 0.997500 0.977500 0.595157
1547000 0.975000 0.986250 0.997500 0.972500 0.676743
1548000 0.977500 0.987500 0.997500 0.975000 0.584871
1549000 0.975000 0.986250 0.997500 0.972500 0.601924
1550000 0.977500 0.988750 1.000000 0.977500 0.582026
1551000 0.977500 0.988750 1.000000 0.977500 0.568080
1552000 0.977500 0.988750 1.000000 0.977500 0.599705
1553000 0.977500 0.988750 1.000000 0.977500 0.619495
1554000 0.980000 0.990000 1.000000 0.980000 0.648707
1555000 0.980000 0.990000 1.000000 0.980000 0.642933
1556000 0.980000 0.990000 1.000000 0.980000 0.583196
1557000 0.980000 0.990000 1.000000 0.980000 0.612727
1558000 0.977500 0.988750 1.000000 0.977500 0.565692
1559000 0.977500 0.988750 1.000000 0.977500 0.591066
1560000 0.977500 0.988750 1.000000 0.977500 0.620259
1561000 0.977500 0.988750 1.000000 0.977500 0.557841
1562000 0.977500 0.988750 1.000000 0.977500 0.627836
1563000 0.977500 0.988750 1.000000 0.977500 0.617388
1564000 0.977500 0.988750 1.000000 0.977500 0.598075
1565000 0.975000 0.987500 1.000000 0.975000 0.626467
1566000 0.975000 0.987500 1.000000 0.975000 0.632747
1567000 0.977500 0.988750 1.000000 0.977500 0.587637
1568000 0.975000 0.986250 0.997500 0.972500 0.607714
1569000 0.975000 0.986250 0.997500 0.972500 0.563279
1570000 0.975000 0.986250 0.997500 0.972500 0.628230
1571000 0.972500 0.985000 0.997500 0.970000 0.611035
1572000 0.972500 0.985000 0.997500 0.970000 0.659721
1573000 0.972500 0.985000 0.997500 0.970000 0.578129
1574000 0.972500 0.985000 0.997500 0.970000 0.592235
1575000 0.970000 0.983750 0.997500 0.967500 0.599584
1576000 0.967500 0.982500 0.997500 0.965000 0.610895
1577000 0.967500 0.982500 0.997500 0.965000 0.584825
1578000 0.967500 0.982500 0.997500 0.965000 0.597891
1579000 0.967500 0.982500 0.997500 0.965000 0.556549
1580000 0.967500 0.982500 0.997500 0.965000 0.640082
1581000 0.967500 0.982500 0.997500 0.965000 0.567176
1582000 0.967500 0.982500 0.997500 0.965000 0.538510
1583000 0.965000 0.981250 0.997500 0.962500 0.594870
1584000 0.967500 0.982500 0.997500 0.965000 0.678617
1585000 0.970000 0.983750 0.997500 0.967500 0.632616
1586000 0.970000 0.983750 0.997500 0.967500 0.633204
1587000 0.970000 0.983750 0.997500 0.967500 0.612304
1588000 0.970000 0.983750 0.997500 0.967500 0.637196
1589000 0.967500 0.982500 0.997500 0.965000 0.604046
1590000 0.967500 0.982500 0.997500 0.965000 0.647077
1591000 0.967500 0.982500 0.997500 0.965000 0.616823
1592000 0.967500 0.982500 0.997500 0.965000 0.596726
1593000 0.965000 0.981250 0.997500 0.962500 0.633655
1594000 0.962500 0.980000 0.997500 0.960000 0.570241
1595000 0.962500 0.980000 0.997500 0.960000 0.556505
1596000 0.962500 0.980000 0.997500 0.960000 0.638505
1597000 0.962500 0.980000 0.997500 0.960000 0.602975
1598000 0.962500 0.980000 0.997500 0.960000 0.545362
1599000 0.962500 0.980000 0.997500 0.960000 0.573468
1600000 0.965000 0.981250 0.997500 0.962500 0.599333
1601000 0.965000 0.981250 0.997500 0.962500 0.599657
1602000 0.965000 0.981250 0.997500 0.962500 0.577986
1603000 0.970000 0.983750 0.997500 0.967500 0.576017
1604000 0.970000 0.983750 0.997500 0.967500 0.593057
1605000 0.972500 0.985000 0.997500 0.970000 0.631087
1606000 0.970000 0.983750 0.997500 0.967500 0.646487
1607000 0.970000 0.983750 0.997500 0.967500 0.614682
1608000 0.970000 0.983750 0.997500 0.967500 0.637240
1609000 0.970000 0.983750 0.997500 0.967500 0.623778
1610000 0.970000 0.983750 0.997500 0.967500 0.607498
1611000 0.970000 0.983750 0.997500 0.967500 0.604870
1612000 0.970000 0.983750 0.997500 0.967500 0.598181
1613000 0.972500 0.985000 0.997500 0.970000 0.658827
1614000 0.972500 0.985000 0.997500 0.970000 0.629596
1615000 0.972500 0.985000 0.997500 0.970000 0.617650
1616000 0.972500 0.985000 0.997500 0.970000 0.600532
1617000 0.972500 0.985000 0.997500 0.970000 0.632924
1618000 0.972500 0.985000 0.997500 0.970000 0.601726
1619000 0.975000 0.986250 0.997500 0.972500 0.643770
1620000 0.975000 0.986250 0.997500 0.972500 0.623972
1621000 0.975000 0.986250 0.997500 0.972500 0.641682
1622000 0.977500 0.988750 1.000000 0.977500 0.658593
1623000 0.977500 0.988750 1.000000 0.977500 0.631573
1624000 0.977500 0.988750 1.000000 0.977500 0.604289
1625000 0.980000 0.990000 1.000000 0.980000 0.589203
1626000 0.980000 0.990000 1.000000 0.980000 0.581807
1627000 0.980000 0.990000 1.000000 0.980000 0.629027
1628000 0.982500 0.991250 1.000000 0.982500 0.640969
1629000 0.985000 0.992500 1.000000 0.985000 0.643660
1630000 0.985000 0.992500 1.000000 0.985000 0.639111
1631000 0.982500 0.990000 0.997500 0.980000 0.639312
1632000 0.982500 0.990000 0.997500 0.980000 0.625863
1633000 0.982500 0.990000 0.997500 0.980000 0.604345
1634000 0.982500 0.990000 0.997500 0.980000 0.661906
1635000 0.982500 0.990000 0.997500 0.980000 0.635370
1636000 0.985000 0.991250 0.997500 0.982500 0.613351
1637000 0.985000 0.991250 0.997500 0.982500 0.643799
1638000 0.982500 0.990000 0.997500 0.980000 0.643315
1639000 0.982500 0.990000 0.997500 0.980000 0.604501
1640000 0.982500 0.990000 0.997500 0.980000 0.640072
1641000 0.982500 0.990000 0.997500 0.980000 0.621828
1642000 0.985000 0.991250 0.997500 0.982500 0.643903
1643000 0.985000 0.991250 0.997500 0.982500 0.603430
1644000 0.985000 0.991250 0.997500 0.982500 0.628916
1645000 0.987500 0.992500 0.997500 0.985000 0.661401
1646000 0.987500 0.992500 0.997500 0.985000 0.653523
1647000 0.987500 0.992500 0.997500 0.985000 0.652438
1648000 0.987500 0.992500 0.997500 0.985000 0.618477
1649000 0.987500 0.992500 0.997500 0.985000 0.639783
1650000 0.987500 0.992500 0.997500 0.985000 0.656668
1651000 0.987500 0.992500 0.997500 0.985000 0.642102
1652000 0.987500 0.992500 0.997500 0.985000 0.623396
1653000 0.987500 0.992500 0.997500 0.985000 0.664059
1654000 0.985000 0.991250 0.997500 0.982500 0.607550
1655000 0.985000 0.991250 0.997500 0.982500 0.645909
1656000 0.985000 0.991250 0.997500 0.982500 0.625452
1657000 0.985000 0.991250 0.997500 0.982500 0.600375
1658000 0.985000 0.991250 0.997500 0.982500 0.638820
1659000 0.987500 0.992500 0.997500 0.985000 0.616538
1660000 0.987500 0.992500 0.997500 0.985000 0.664332
1661000 0.987500 0.992500 0.997500 0.985000 0.630358
1662000 0.987500 0.992500 0.997500 0.985000 0.615056
1663000 0.987500 0.992500 0.997500 0.985000 0.586148
1664000 0.987500 0.992500 0.997500 0.985000 0.661168
1665000 0.987500 0.992500 0.997500 0.985000 0.623865
1666000 0.987500 0.992500 0.997500 0.985000 0.637997
1667000 0.987500 0.992500 0.997500 0.985000 0.623512
1668000 0.987500 0.992500 0.997500 0.985000 0.611304
1669000 0.987500 0.992500 0.997500 0.985000 0.616632
1670000 0.987500 0.992500 0.997500 0.985000 0.634317
1671000 0.982500 0.990000 0.997500 0.980000 0.640754
1672000 0.982500 0.990000 0.997500 0.980000 0.663316
1673000 0.982500 0.990000 0.997500 0.980000 0.623628
1674000 0.982500 0.990000 0.997500 0.980000 0.590537
1675000 0.982500 0.990000 0.997500 0.980000 0.636764
1676000 0.982500 0.990000 0.997500 0.980000 0.623025
1677000 0.982500 0.990000 0.997500 0.980000 0.649650
1678000 0.982500 0.990000 0.997500 0.980000 0.629866
1679000 0.982500 0.990000 0.997500 0.980000 0.629376
1680000 0.982500 0.990000 0.997500 0.980000 0.611413
1681000 0.982500 0.990000 0.997500 0.980000 0.631369
1682000 0.982500 0.990000 0.997500 0.980000 0.634105
1683000 0.982500 0.990000 0.997500 0.980000 0.634398
1684000 0.985000 0.992500 1.000000 0.985000 0.641856
1685000 0.985000 0.992500 1.000000 0.985000 0.591973
1686000 0.985000 0.992500 1.000000 0.985000 0.661801
1687000 0.985000 0.992500 1.000000 0.985000 0.636162
1688000 0.985000 0.992500 1.000000 0.985000 0.605935
1689000 0.982500 0.990000 0.997500 0.980000 0.620141
1690000 0.985000 0.991250 0.997500 0.982500 0.619070
1691000 0.985000 0.991250 0.997500 0.982500 0.672986
1692000 0.985000 0.991250 0.997500 0.982500 0.593407
1693000 0.987500 0.992500 0.997500 0.985000 0.600129
1694000 0.987500 0.992500 0.997500 0.985000 0.659575
1695000 0.987500 0.992500 0.997500 0.985000 0.611244
1696000 0.987500 0.992500 0.997500 0.985000 0.643048
1697000 0.990000 0.993750 0.997500 0.987500 0.630483
1698000 0.990000 0.993750 0.997500 0.987500 0.619247
1699000 0.990000 0.993750 0.997500 0.987500 0.617535
1700000 0.990000 0.993750 0.997500 0.987500 0.594822
1701000 0.990000 0.993750 0.997500 0.987500 0.650295
1702000 0.990000 0.993750 0.997500 0.987500 0.614418
1703000 0.990000 0.993750 0.997500 0.987500 0.661979
1704000 0.987500 0.992500 0.997500 0.985000 0.584661
1705000 0.987500 0.992500 0.997500 0.985000 0.638387
1706000 0.990000 0.993750 0.997500 0.987500 0.669570
1707000 0.990000 0.993750 0.997500 0.987500 0.638046
1708000 0.990000 0.993750 0.997500 0.987500 0.618044
1709000 0.990000 0.993750 0.997500 0.987500 0.664616
1710000 0.990000 0.993750 0.997500 0.987500 0.651374
1711000 0.990000 0.993750 0.997500 0.987500 0.693673
1712000 0.990000 0.993750 0.997500 0.987500 0.643746
1713000 0.990000 0.993750 0.997500 0.987500 0.691523
1714000 0.990000 0.993750 0.997500 0.987500 0.638433
1715000 0.990000 0.993750 0.997500 0.987500 0.655248
1716000 0.990000 0.993750 0.997500 0.987500 0.643028
1717000 0.990000 0.993750 0.997500 0.987500 0.649453
1718000 0.990000 0.993750 0.997500 0.987500 0.643867
1719000 0.990000 0.993750 0.997500 0.987500 0.607207
1720000 0.990000 0.993750 0.997500 0.987500 0.655997
1721000 0.990000 0.993750 0.997500 0.987500 0.656234
1722000 0.990000 0.993750 0.997500 0.987500 0.681625
1723000 0.992500 0.995000 0.997500 0.990000 0.605301
1724000 0.992500 0.995000 0.997500 0.990000 0.651186
1725000 0.992500 0.995000 0.997500 0.990000 0.651922
1726000 0.992500 0.995000 0.997500 0.990000 0.669416
1727000 0.992500 0.995000 0.997500 0.990000 0.661681
1728000 0.992500 0.995000 0.997500 0.990000 0.644814
1729000 0.992500 0.995000 0.997500 0.990000 0.653174
1730000 0.992500 0.995000 0.997500 0.990000 0.641672
1731000 0.990000 0.992500 0.995000 0.985000 0.672766
1732000 0.990000 0.992500 0.995000 0.985000 0.605653
1733000 0.987500 0.991250 0.995000 0.982500 0.638997
1734000 0.987500 0.991250 0.995000 0.982500 0.646809
1735000 0.987500 0.991250 0.995000 0.982500 0.610236
1736000 0.987500 0.991250 0.995000 0.982500 0.614844
1737000 0.987500 0.991250 0.995000 0.982500 0.611093
1738000 0.987500 0.991250 0.995000 0.982500 0.613128
1739000 0.987500 0.991250 0.995000 0.982500 0.607057
1740000 0.987500 0.991250 0.995000 0.982500 0.641895
1741000 0.987500 0.991250 0.995000 0.982500 0.602472
1742000 0.987500 0.991250 0.995000 0.982500 0.657285
1743000 0.987500 0.991250 0.995000 0.982500 0.625654
1744000 0.987500 0.991250 0.995000 0.982500 0.612835
1745000 0.987500 0.991250 0.995000 0.982500 0.629784
1746000 0.987500 0.991250 0.995000 0.982500 0.628314
1747000 0.987500 0.991250 0.995000 0.982500 0.652224
1748000 0.987500 0.991250 0.995000 0.982500 0.632130
1749000 0.987500 0.991250 0.995000 0.982500 0.657940
1750000 0.987500 0.991250 0.995000 0.982500 0.626858
1751000 0.987500 0.991250 0.995000 0.982500 0.586916
1752000 0.987500 0.991250 0.995000 0.982500 0.631154
1753000 0.987500 0.991250 0.995000 0.982500 0.682848
1754000 0.987500 0.991250 0.995000 0.982500 0.661990
1755000 0.987500 0.991250 0.995000 0.982500 0.680781
1756000 0.990000 0.992500 0.995000 0.985000 0.638614
1757000 0.990000 0.992500 0.995000 0.985000 0.639304
1758000 0.990000 0.992500 0.995000 0.985000 0.636137
1759000 0.990000 0.992500 0.995000 0.985000 0.679523
1760000 0.990000 0.992500 0.995000 0.985000 0.657710
1761000 0.990000 0.992500 0.995000 0.985000 0.664561
1762000 0.990000 0.992500 0.995000 0.985000 0.666014
1763000 0.990000 0.992500 0.995000 0.985000 0.626420
1764000 0.990000 0.992500 0.995000 0.985000 0.669786
1765000 0.990000 0.992500 0.995000 0.985000 0.605454
1766000 0.990000 0.992500 0.995000 0.985000 0.627680
1767000 0.990000 0.992500 0.995000 0.985000 0.638911
1768000 0.990000 0.992500 0.995000 0.985000 0.607186
1769000 0.990000 0.992500 0.995000 0.985000 0.658100
1770000 0.990000 0.992500 0.995000 0.985000 0.675933
1771000 0.990000 0.992500 0.995000 0.985000 0.701051
1772000 0.990000 0.992500 0.995000 0.985000 0.656615
1773000 0.990000 0.992500 0.995000 0.985000 0.649396
1774000 0.992500 0.993750 0.995000 0.987500 0.659181
